3 4
7 8
8 9
9 10
11 12
12 13
16 17
18 19
19 20
20 21
21 22
22 23
23 24
24 25
25 26
26 27
27 28
28 29
29 30
30 31
31 32
32 33
33 34
34 35
35 36
36 37
37 38
38 39
39 40
40 41
41 42
42 43
43 44
44 45
45 46
46 47
47 48
48 49
49 50
50 51
51 52
52 53
53 54
54 55
55 56
56 57
57 58
58 59
59 60
60 61
61 62
62 63
63 64
64 65
65 66
66 67
67 68
68 69
69 70
70 71
71 72
72 73
73 74
74 75
75 76
76 77
77 78
78 79
57 10
9 56
59 11
60 12
61 13
35 2
37 3
38 4
65 14
40 5
67 15
71 16
72 17
46 6
26 0
54 7
55 8
29 1
80 81
81 82
82 83
83 84
84 85
85 86
86 87
87 88
88 89
89 90
90 91
91 92
92 93
93 94
94 95
95 96
96 97
97 98
98 99
99 100
100 101
101 102
102 103
103 104
104 105
105 106
106 107
107 108
108 109
109 110
110 111
111 112
112 113
113 114
114 115
115 116
116 117
117 118
118 119
119 120
120 121
121 122
122 123
123 124
124 125
125 126
126 127
127 128
128 129
129 130
130 131
131 132
132 133
133 134
134 135
135 136
136 137
137 138
138 139
139 140
140 141
135 73
72 134
109 47
46 108
83 21
20 82
136 74
110 48
84 22
137 75
111 49
85 23
138 76
112 50
86 24
139 77
113 51
87 25
140 78
114 52
88 26
141 79
115 53
89 27
116 54
90 28
117 55
91 29
118 56
92 30
119 57
93 31
120 58
94 32
121 59
95 33
122 60
96 34
123 61
97 35
124 62
98 36
125 63
99 37
126 64
100 38
127 65
101 39
128 66
102 40
129 67
103 41
130 68
104 42
131 69
105 43
132 70
106 44
80 18
133 71
107 45
81 19
142 143
143 144
144 145
145 146
146 147
147 148
148 149
149 150
150 151
151 152
152 153
153 154
154 155
155 156
156 157
157 158
158 159
159 160
160 161
161 162
162 163
163 164
164 165
165 166
166 167
167 168
168 169
169 170
170 171
171 172
172 173
173 174
174 175
175 176
176 177
177 178
178 179
179 180
180 181
181 182
182 183
183 184
184 185
185 186
186 187
187 188
188 189
189 190
190 191
191 192
192 193
193 194
194 195
195 196
196 197
197 198
198 199
199 200
200 201
201 202
202 203
201 139
138 200
175 113
112 174
149 87
86 148
202 140
176 114
150 88
203 141
177 115
151 89
178 116
152 90
179 117
153 91
180 118
154 92
181 119
155 93
182 120
156 94
183 121
157 95
184 122
158 96
185 123
159 97
186 124
160 98
187 125
161 99
188 126
162 100
189 127
163 101
190 128
164 102
191 129
165 103
192 130
166 104
193 131
167 105
194 132
168 106
142 80
195 133
169 107
143 81
196 134
170 108
144 82
197 135
171 109
145 83
198 136
172 110
146 84
199 137
173 111
147 85
204 205
205 206
206 207
207 208
208 209
209 210
210 211
211 212
212 213
213 214
214 215
215 216
216 217
217 218
218 219
219 220
220 221
221 222
222 223
223 224
224 225
225 226
226 227
227 228
228 229
229 230
230 231
231 232
232 233
233 234
234 235
235 236
236 237
237 238
238 239
239 240
240 241
241 242
242 243
243 244
244 245
245 246
246 247
247 248
248 249
249 250
250 251
251 252
252 253
253 254
254 255
255 256
256 257
257 258
258 259
259 260
260 261
261 262
262 263
263 264
264 265
241 179
178 240
215 153
152 214
242 180
216 154
243 181
217 155
244 182
218 156
245 183
219 157
246 184
220 158
247 185
221 159
248 186
222 160
249 187
223 161
250 188
224 162
251 189
225 163
252 190
226 164
253 191
227 165
254 192
228 166
255 193
229 167
256 194
230 168
204 142
257 195
231 169
205 143
258 196
232 170
206 144
259 197
233 171
207 145
260 198
234 172
208 146
261 199
235 173
209 147
262 200
236 174
210 148
263 201
237 175
211 149
264 202
238 176
212 150
265 203
239 177
213 151
266 267
267 268
268 269
269 270
270 271
271 272
272 273
273 274
274 275
275 276
276 277
277 278
278 279
279 280
280 281
281 282
282 283
283 284
284 285
285 286
286 287
287 288
288 289
289 290
290 291
291 292
292 293
293 294
294 295
295 296
296 297
297 298
298 299
299 300
300 301
301 302
302 303
303 304
304 305
305 306
306 307
307 308
308 309
309 310
310 311
311 312
312 313
313 314
314 315
315 316
316 317
317 318
318 319
319 320
320 321
321 322
322 323
323 324
324 325
325 326
326 327
307 245
244 306
281 219
218 280
308 246
282 220
309 247
283 221
310 248
284 222
311 249
285 223
312 250
286 224
313 251
287 225
314 252
288 226
315 253
289 227
316 254
290 228
317 255
291 229
318 256
292 230
266 204
319 257
293 231
267 205
320 258
294 232
268 206
321 259
295 233
269 207
322 260
296 234
270 208
323 261
297 235
271 209
324 262
298 236
272 210
325 263
299 237
273 211
326 264
300 238
274 212
327 265
301 239
275 213
302 240
276 214
303 241
277 215
304 242
278 216
305 243
279 217
328 329
329 330
330 331
331 332
332 333
333 334
334 335
335 336
336 337
337 338
338 339
339 340
340 341
341 342
342 343
343 344
344 345
345 346
346 347
347 348
348 349
349 350
350 351
351 352
352 353
353 354
354 355
355 356
356 357
357 358
358 359
359 360
360 361
361 362
362 363
363 364
364 365
365 366
366 367
367 368
368 369
369 370
370 371
371 372
372 373
373 374
374 375
375 376
376 377
377 378
378 379
379 380
380 381
381 382
382 383
383 384
384 385
385 386
386 387
387 388
388 389
373 311
310 372
347 285
284 346
374 312
348 286
375 313
349 287
376 314
350 288
377 315
351 289
378 316
352 290
379 317
353 291
380 318
354 292
328 266
381 319
355 293
329 267
382 320
356 294
330 268
383 321
357 295
331 269
384 322
358 296
332 270
385 323
359 297
333 271
386 324
360 298
334 272
387 325
361 299
335 273
388 326
362 300
336 274
389 327
363 301
337 275
364 302
338 276
365 303
339 277
366 304
340 278
367 305
341 279
368 306
342 280
369 307
343 281
370 308
344 282
371 309
345 283
390 391
391 392
392 393
393 394
394 395
395 396
396 397
397 398
398 399
399 400
400 401
401 402
402 403
403 404
404 405
405 406
406 407
407 408
408 409
409 410
410 411
411 412
412 413
413 414
414 415
415 416
416 417
417 418
418 419
419 420
420 421
421 422
422 423
423 424
424 425
425 426
426 427
427 428
428 429
429 430
430 431
431 432
432 433
433 434
434 435
435 436
436 437
437 438
438 439
439 440
440 441
441 442
442 443
443 444
444 445
445 446
446 447
447 448
448 449
449 450
450 451
439 377
376 438
413 351
350 412
440 378
414 352
441 379
415 353
442 380
416 354
390 328
443 381
417 355
391 329
444 382
418 356
392 330
445 383
419 357
393 331
446 384
420 358
394 332
447 385
421 359
395 333
448 386
422 360
396 334
449 387
423 361
397 335
450 388
424 362
398 336
451 389
425 363
399 337
426 364
400 338
427 365
401 339
428 366
402 340
429 367
403 341
430 368
404 342
431 369
405 343
432 370
406 344
433 371
407 345
434 372
408 346
435 373
409 347
436 374
410 348
437 375
411 349
452 453
453 454
454 455
455 456
456 457
457 458
458 459
459 460
460 461
461 462
462 463
463 464
464 465
465 466
466 467
467 468
468 469
469 470
470 471
471 472
472 473
473 474
474 475
475 476
476 477
477 478
478 479
479 480
480 481
481 482
482 483
483 484
484 485
485 486
486 487
487 488
488 489
489 490
490 491
491 492
492 493
493 494
494 495
495 496
496 497
497 498
498 499
499 500
500 501
501 502
502 503
503 504
504 505
505 506
506 507
507 508
508 509
509 510
510 511
511 512
512 513
513 514
453 390
506 443
442 505
480 417
416 479
454 391
507 444
481 418
455 392
508 445
482 419
456 393
509 446
483 420
457 394
510 447
484 421
458 395
511 448
485 422
459 396
512 449
486 423
460 397
513 450
487 424
461 398
514 451
488 425
462 399
489 426
463 400
490 427
464 401
491 428
465 402
492 429
466 403
493 430
467 404
494 431
468 405
495 432
469 406
496 433
470 407
497 434
471 408
498 435
472 409
499 436
473 410
500 437
474 411
501 438
475 412
502 439
476 413
503 440
477 414
504 441
478 415
515 516
516 517
517 518
518 519
519 520
520 521
521 522
522 523
523 524
524 525
525 526
526 527
527 528
528 529
529 530
530 531
531 532
532 533
533 534
534 535
535 536
536 537
537 538
538 539
539 540
540 541
541 542
542 543
543 544
544 545
545 546
546 547
547 548
548 549
549 550
550 551
551 552
552 553
553 554
554 555
555 556
556 557
557 558
558 559
559 560
560 561
561 562
562 563
563 564
564 565
565 566
566 567
567 568
568 569
569 570
570 571
571 572
572 573
573 574
574 575
575 576
519 457
456 518
572 510
509 571
546 484
483 545
520 458
573 511
547 485
521 459
574 512
548 486
522 460
575 513
549 487
523 461
576 514
550 488
524 462
551 489
525 463
552 490
526 464
553 491
527 465
554 492
528 466
555 493
529 467
556 494
530 468
557 495
531 469
558 496
532 470
559 497
533 471
560 498
534 472
561 499
535 473
562 500
536 474
563 501
537 475
564 502
538 476
565 503
539 477
566 504
540 478
567 505
541 479
515 453
568 506
542 480
516 454
569 507
543 481
517 455
570 508
544 482
577 578
578 579
579 580
580 581
581 582
582 583
583 584
584 585
585 586
586 587
587 588
588 589
589 590
590 591
591 592
592 593
593 594
594 595
595 596
596 597
597 598
598 599
599 600
600 601
601 602
602 603
603 604
604 605
605 606
606 607
607 608
608 609
609 610
610 611
611 612
612 613
613 614
614 615
615 616
616 617
617 618
618 619
619 620
620 621
621 622
622 623
623 624
624 625
625 626
626 627
627 628
628 629
629 630
630 631
631 632
632 633
633 634
634 635
635 636
636 637
637 638
585 523
522 584
638 576
575 637
612 550
549 611
586 524
613 551
587 525
614 552
588 526
615 553
589 527
616 554
590 528
617 555
591 529
618 556
592 530
619 557
593 531
620 558
594 532
621 559
595 533
622 560
596 534
623 561
597 535
624 562
598 536
625 563
599 537
626 564
600 538
627 565
601 539
628 566
602 540
629 567
603 541
577 515
630 568
604 542
578 516
631 569
605 543
579 517
632 570
606 544
580 518
633 571
607 545
581 519
634 572
608 546
582 520
635 573
609 547
583 521
636 574
610 548
639 640
640 641
641 642
642 643
643 644
644 645
645 646
646 647
647 648
648 649
649 650
650 651
651 652
652 653
653 654
654 655
655 656
656 657
657 658
658 659
659 660
660 661
661 662
662 663
663 664
664 665
665 666
666 667
667 668
668 669
669 670
670 671
671 672
672 673
673 674
674 675
675 676
676 677
677 678
678 679
679 680
680 681
681 682
682 683
683 684
684 685
685 686
686 687
687 688
688 689
689 690
690 691
691 692
692 693
693 694
694 695
695 696
696 697
697 698
698 699
699 700
651 589
588 650
678 616
615 677
652 590
679 617
653 591
680 618
654 592
681 619
655 593
682 620
656 594
683 621
657 595
684 622
658 596
685 623
659 597
686 624
660 598
687 625
661 599
688 626
662 600
689 627
663 601
690 628
664 602
691 629
665 603
639 577
692 630
666 604
640 578
693 631
667 605
641 579
694 632
668 606
642 580
695 633
669 607
643 581
696 634
670 608
644 582
697 635
671 609
645 583
698 636
672 610
646 584
699 637
673 611
647 585
700 638
674 612
648 586
675 613
649 587
676 614
701 702
702 703
703 704
704 705
705 706
706 707
707 708
708 709
709 710
710 711
711 712
712 713
713 714
714 715
715 716
716 717
717 718
718 719
719 720
720 721
721 722
722 723
723 724
724 725
725 726
726 727
727 728
728 729
729 730
730 731
731 732
732 733
733 734
734 735
735 736
736 737
737 738
738 739
739 740
740 741
741 742
742 743
743 744
744 745
745 746
746 747
747 748
748 749
749 750
750 751
751 752
752 753
753 754
754 755
755 756
756 757
757 758
758 759
759 760
760 761
761 762
717 655
654 716
744 682
681 743
718 656
745 683
719 657
746 684
720 658
747 685
721 659
748 686
722 660
749 687
723 661
750 688
724 662
751 689
725 663
752 690
726 664
753 691
727 665
701 639
754 692
728 666
702 640
755 693
729 667
703 641
756 694
730 668
704 642
757 695
731 669
705 643
758 696
732 670
706 644
759 697
733 671
707 645
760 698
734 672
708 646
761 699
735 673
709 647
762 700
736 674
710 648
737 675
711 649
738 676
712 650
739 677
713 651
740 678
714 652
741 679
715 653
742 680
763 764
764 765
765 766
766 767
767 768
768 769
769 770
770 771
771 772
772 773
773 774
774 775
775 776
776 777
777 778
778 779
779 780
780 781
781 782
782 783
783 784
784 785
785 786
786 787
787 788
788 789
789 790
790 791
791 792
792 793
793 794
794 795
795 796
796 797
797 798
798 799
799 800
800 801
801 802
802 803
803 804
804 805
805 806
806 807
807 808
808 809
809 810
810 811
811 812
812 813
813 814
814 815
815 816
816 817
817 818
818 819
819 820
820 821
821 822
822 823
823 824
783 721
720 782
810 748
747 809
784 722
811 749
785 723
812 750
786 724
813 751
787 725
814 752
788 726
815 753
789 727
763 701
816 754
790 728
764 702
817 755
791 729
765 703
818 756
792 730
766 704
819 757
793 731
767 705
820 758
794 732
768 706
821 759
795 733
769 707
822 760
796 734
770 708
823 761
797 735
771 709
824 762
798 736
772 710
799 737
773 711
800 738
774 712
801 739
775 713
802 740
776 714
803 741
777 715
804 742
778 716
805 743
779 717
806 744
780 718
807 745
781 719
808 746
825 826
826 827
827 828
828 829
829 830
830 831
831 832
832 833
833 834
834 835
835 836
836 837
837 838
838 839
839 840
840 841
841 842
842 843
843 844
844 845
845 846
846 847
847 848
848 849
849 850
850 851
851 852
852 853
853 854
854 855
855 856
856 857
857 858
858 859
859 860
860 861
861 862
862 863
863 864
864 865
865 866
866 867
867 868
868 869
869 870
870 871
871 872
872 873
873 874
874 875
875 876
876 877
877 878
878 879
879 880
880 881
881 882
882 883
883 884
884 885
885 886
849 787
786 848
850 788
851 789
825 763
852 790
826 764
853 791
827 765
854 792
828 766
855 793
829 767
856 794
830 768
857 795
831 769
858 796
832 770
859 797
833 771
860 798
834 772
861 799
835 773
862 800
836 774
863 801
876 814
813 875
837 775
864 802
877 815
838 776
865 803
878 816
839 777
866 804
879 817
840 778
867 805
880 818
841 779
868 806
881 819
842 780
869 807
882 820
843 781
870 808
883 821
844 782
871 809
884 822
845 783
872 810
885 823
846 784
873 811
886 824
847 785
874 812
887 888
888 889
889 890
890 891
891 892
892 893
893 894
894 895
895 896
896 897
897 898
898 899
899 900
900 901
901 902
902 903
903 904
904 905
905 906
906 907
907 908
908 909
909 910
910 911
911 912
912 913
913 914
914 915
915 916
916 917
917 918
918 919
919 920
920 921
921 922
922 923
923 924
924 925
925 926
926 927
927 928
928 929
929 930
930 931
931 932
932 933
933 934
934 935
935 936
936 937
937 938
938 939
939 940
940 941
941 942
942 943
943 944
944 945
945 946
946 947
947 948
928 866
865 927
902 840
839 901
929 867
903 841
930 868
904 842
931 869
905 843
932 870
906 844
933 871
907 845
934 872
908 846
935 873
909 847
936 874
910 848
937 875
911 849
938 876
912 850
939 877
913 851
887 825
940 878
914 852
888 826
941 879
915 853
889 827
942 880
916 854
890 828
943 881
917 855
891 829
944 882
918 856
892 830
945 883
919 857
893 831
946 884
920 858
894 832
947 885
921 859
895 833
948 886
922 860
896 834
923 861
897 835
924 862
898 836
925 863
899 837
926 864
900 838
949 950
950 951
951 952
952 953
953 954
954 955
955 956
956 957
957 958
958 959
959 960
960 961
961 962
962 963
963 964
964 965
965 966
966 967
967 968
968 969
969 970
970 971
971 972
972 973
973 974
974 975
975 976
976 977
977 978
978 979
979 980
980 981
981 982
982 983
983 984
984 985
985 986
986 987
987 988
988 989
989 990
990 991
991 992
992 993
993 994
994 995
995 996
996 997
997 998
998 999
999 1000
1000 1001
1001 1002
1002 1003
1003 1004
1004 1005
1005 1006
1006 1007
1007 1008
1008 1009
1009 1010
994 932
931 993
968 906
905 967
995 933
969 907
996 934
970 908
997 935
971 909
998 936
972 910
999 937
973 911
1000 938
974 912
1001 939
975 913
949 887
1002 940
976 914
950 888
1003 941
977 915
951 889
1004 942
978 916
952 890
1005 943
979 917
953 891
1006 944
980 918
954 892
1007 945
981 919
955 893
1008 946
982 920
956 894
1009 947
983 921
957 895
1010 948
984 922
958 896
985 923
959 897
986 924
960 898
987 925
961 899
988 926
962 900
989 927
963 901
990 928
964 902
991 929
965 903
992 930
966 904
1011 1012
1012 1013
1013 1014
1014 1015
1015 1016
1016 1017
1017 1018
1018 1019
1019 1020
1020 1021
1021 1022
1022 1023
1023 1024
1024 1025
1025 1026
1026 1027
1027 1028
1028 1029
1029 1030
1030 1031
1031 1032
1032 1033
1033 1034
1034 1035
1035 1036
1036 1037
1037 1038
1038 1039
1039 1040
1040 1041
1041 1042
1042 1043
1043 1044
1044 1045
1045 1046
1046 1047
1047 1048
1048 1049
1049 1050
1050 1051
1051 1052
1052 1053
1053 1054
1054 1055
1055 1056
1056 1057
1057 1058
1058 1059
1059 1060
1060 1061
1061 1062
1062 1063
1063 1064
1064 1065
1065 1066
1066 1067
1067 1068
1068 1069
1069 1070
1070 1071
1071 1072
1060 998
997 1059
1034 972
971 1033
1061 999
1035 973
1062 1000
1036 974
1063 1001
1037 975
1011 949
1064 1002
1038 976
1012 950
1065 1003
1039 977
1013 951
1066 1004
1040 978
1014 952
1067 1005
1041 979
1015 953
1068 1006
1042 980
1016 954
1069 1007
1043 981
1017 955
1070 1008
1044 982
1018 956
1071 1009
1045 983
1019 957
1072 1010
1046 984
1020 958
1047 985
1021 959
1048 986
1022 960
1049 987
1023 961
1050 988
1024 962
1051 989
1025 963
1052 990
1026 964
1053 991
1027 965
1054 992
1028 966
1055 993
1029 967
1056 994
1030 968
1057 995
1031 969
1058 996
1032 970
1073 1074
1074 1075
1075 1076
1076 1077
1077 1078
1078 1079
1079 1080
1080 1081
1081 1082
1082 1083
1083 1084
1084 1085
1085 1086
1086 1087
1087 1088
1088 1089
1089 1090
1090 1091
1091 1092
1092 1093
1093 1094
1094 1095
1095 1096
1096 1097
1097 1098
1098 1099
1099 1100
1100 1101
1101 1102
1102 1103
1103 1104
1104 1105
1105 1106
1106 1107
1107 1108
1108 1109
1109 1110
1110 1111
1111 1112
1112 1113
1113 1114
1114 1115
1115 1116
1116 1117
1117 1118
1118 1119
1119 1120
1120 1121
1121 1122
1122 1123
1123 1124
1124 1125
1125 1126
1126 1127
1127 1128
1128 1129
1129 1130
1130 1131
1131 1132
1132 1133
1133 1134
1126 1064
1063 1125
1100 1038
1037 1099
1074 1012
1011 1073
1127 1065
1101 1039
1075 1013
1128 1066
1102 1040
1076 1014
1129 1067
1103 1041
1077 1015
1130 1068
1104 1042
1078 1016
1131 1069
1105 1043
1079 1017
1132 1070
1106 1044
1080 1018
1133 1071
1107 1045
1081 1019
1134 1072
1108 1046
1082 1020
1109 1047
1083 1021
1110 1048
1084 1022
1111 1049
1085 1023
1112 1050
1086 1024
1113 1051
1087 1025
1114 1052
1088 1026
1115 1053
1089 1027
1116 1054
1090 1028
1117 1055
1091 1029
1118 1056
1092 1030
1119 1057
1093 1031
1120 1058
1094 1032
1121 1059
1095 1033
1122 1060
1096 1034
1123 1061
1097 1035
1124 1062
1098 1036
1135 1136
1136 1137
1137 1138
1138 1139
1139 1140
1140 1141
1141 1142
1142 1143
1143 1144
1144 1145
1145 1146
1146 1147
1147 1148
1148 1149
1149 1150
1150 1151
1151 1152
1152 1153
1153 1154
1154 1155
1155 1156
1156 1157
1157 1158
1158 1159
1159 1160
1160 1161
1161 1162
1162 1163
1163 1164
1164 1165
1165 1166
1166 1167
1167 1168
1168 1169
1169 1170
1170 1171
1171 1172
1172 1173
1173 1174
1174 1175
1175 1176
1176 1177
1177 1178
1178 1179
1179 1180
1180 1181
1181 1182
1182 1183
1183 1184
1184 1185
1185 1186
1186 1187
1187 1188
1188 1189
1189 1190
1190 1191
1191 1192
1192 1193
1193 1194
1194 1195
1195 1196
1192 1130
1129 1191
1166 1104
1103 1165
1140 1078
1077 1139
1193 1131
1167 1105
1141 1079
1194 1132
1168 1106
1142 1080
1195 1133
1169 1107
1143 1081
1196 1134
1170 1108
1144 1082
1171 1109
1145 1083
1172 1110
1146 1084
1173 1111
1147 1085
1174 1112
1148 1086
1175 1113
1149 1087
1176 1114
1150 1088
1177 1115
1151 1089
1178 1116
1152 1090
1179 1117
1153 1091
1180 1118
1154 1092
1181 1119
1155 1093
1182 1120
1156 1094
1183 1121
1157 1095
1184 1122
1158 1096
1185 1123
1159 1097
1186 1124
1160 1098
1187 1125
1161 1099
1135 1073
1188 1126
1162 1100
1136 1074
1189 1127
1163 1101
1137 1075
1190 1128
1164 1102
1138 1076
1197 1198
1198 1199
1199 1200
1200 1201
1201 1202
1202 1203
1203 1204
1204 1205
1205 1206
1206 1207
1207 1208
1208 1209
1209 1210
1210 1211
1211 1212
1212 1213
1213 1214
1214 1215
1215 1216
1216 1217
1217 1218
1218 1219
1219 1220
1220 1221
1221 1222
1222 1223
1223 1224
1224 1225
1225 1226
1226 1227
1227 1228
1228 1229
1229 1230
1230 1231
1231 1232
1232 1233
1233 1234
1234 1235
1235 1236
1236 1237
1237 1238
1238 1239
1239 1240
1240 1241
1241 1242
1242 1243
1243 1244
1244 1245
1245 1246
1246 1247
1247 1248
1248 1249
1249 1250
1250 1251
1251 1252
1252 1253
1253 1254
1254 1255
1255 1256
1256 1257
1257 1258
1258 1196
1195 1257
1232 1170
1169 1231
1206 1144
1143 1205
1233 1171
1207 1145
1234 1172
1208 1146
1235 1173
1209 1147
1236 1174
1210 1148
1237 1175
1211 1149
1238 1176
1212 1150
1239 1177
1213 1151
1240 1178
1214 1152
1241 1179
1215 1153
1242 1180
1216 1154
1243 1181
1217 1155
1244 1182
1218 1156
1245 1183
1219 1157
1246 1184
1220 1158
1247 1185
1221 1159
1248 1186
1222 1160
1249 1187
1223 1161
1197 1135
1250 1188
1224 1162
1198 1136
1251 1189
1225 1163
1199 1137
1252 1190
1226 1164
1200 1138
1253 1191
1227 1165
1201 1139
1254 1192
1228 1166
1202 1140
1255 1193
1229 1167
1203 1141
1256 1194
1230 1168
1204 1142
1259 1260
1260 1261
1261 1262
1262 1263
1263 1264
1264 1265
1265 1266
1266 1267
1267 1268
1268 1269
1269 1270
1270 1271
1271 1272
1272 1273
1273 1274
1274 1275
1275 1276
1276 1277
1277 1278
1278 1279
1279 1280
1280 1281
1281 1282
1282 1283
1283 1284
1284 1285
1285 1286
1286 1287
1287 1288
1288 1289
1289 1290
1290 1291
1291 1292
1292 1293
1293 1294
1294 1295
1295 1296
1296 1297
1297 1298
1298 1299
1299 1300
1300 1301
1301 1302
1302 1303
1303 1304
1304 1305
1305 1306
1306 1307
1307 1308
1308 1309
1309 1310
1310 1311
1311 1312
1312 1313
1313 1314
1314 1315
1315 1316
1316 1317
1317 1318
1318 1319
1319 1320
1298 1236
1235 1297
1272 1210
1209 1271
1299 1237
1273 1211
1300 1238
1274 1212
1301 1239
1275 1213
1302 1240
1276 1214
1303 1241
1277 1215
1304 1242
1278 1216
1305 1243
1279 1217
1306 1244
1280 1218
1307 1245
1281 1219
1308 1246
1282 1220
1309 1247
1283 1221
1310 1248
1284 1222
1311 1249
1285 1223
1259 1197
1312 1250
1286 1224
1260 1198
1313 1251
1287 1225
1261 1199
1314 1252
1288 1226
1262 1200
1315 1253
1289 1227
1263 1201
1316 1254
1290 1228
1264 1202
1317 1255
1291 1229
1265 1203
1318 1256
1292 1230
1266 1204
1319 1257
1293 1231
1267 1205
1320 1258
1294 1232
1268 1206
1295 1233
1269 1207
1296 1234
1270 1208
1321 1322
1322 1323
1323 1324
1324 1325
1325 1326
1326 1327
1327 1328
1328 1329
1329 1330
1330 1331
1331 1332
1332 1333
1333 1334
1334 1335
1335 1336
1336 1337
1337 1338
1338 1339
1339 1340
1340 1341
1341 1342
1342 1343
1343 1344
1344 1345
1345 1346
1346 1347
1347 1348
1348 1349
1349 1350
1350 1351
1351 1352
1352 1353
1353 1354
1354 1355
1355 1356
1356 1357
1357 1358
1358 1359
1359 1360
1360 1361
1361 1362
1362 1363
1363 1364
1364 1365
1365 1366
1366 1367
1367 1368
1368 1369
1369 1370
1370 1371
1371 1372
1372 1373
1373 1374
1374 1375
1375 1376
1376 1377
1377 1378
1378 1379
1379 1380
1380 1381
1381 1382
1364 1302
1301 1363
1338 1276
1275 1337
1365 1303
1339 1277
1366 1304
1340 1278
1367 1305
1341 1279
1368 1306
1342 1280
1369 1307
1343 1281
1370 1308
1344 1282
1371 1309
1345 1283
1372 1310
1346 1284
1373 1311
1347 1285
1321 1259
1374 1312
1348 1286
1322 1260
1375 1313
1349 1287
1323 1261
1376 1314
1350 1288
1324 1262
1377 1315
1351 1289
1325 1263
1378 1316
1352 1290
1326 1264
1379 1317
1353 1291
1327 1265
1380 1318
1354 1292
1328 1266
1381 1319
1355 1293
1329 1267
1382 1320
1356 1294
1330 1268
1357 1295
1331 1269
1358 1296
1332 1270
1359 1297
1333 1271
1360 1298
1334 1272
1361 1299
1335 1273
1362 1300
1336 1274
1383 1384
1384 1385
1385 1386
1386 1387
1387 1388
1388 1389
1389 1390
1390 1391
1391 1392
1392 1393
1393 1394
1394 1395
1395 1396
1396 1397
1397 1398
1398 1399
1399 1400
1400 1401
1401 1402
1402 1403
1403 1404
1404 1405
1405 1406
1406 1407
1407 1408
1408 1409
1409 1410
1410 1411
1411 1412
1412 1413
1413 1414
1414 1415
1415 1416
1416 1417
1417 1418
1418 1419
1419 1420
1420 1421
1421 1422
1422 1423
1423 1424
1424 1425
1425 1426
1426 1427
1427 1428
1428 1429
1429 1430
1430 1431
1431 1432
1432 1433
1433 1434
1434 1435
1435 1436
1436 1437
1437 1438
1438 1439
1439 1440
1440 1441
1441 1442
1442 1443
1443 1444
1430 1368
1367 1429
1404 1342
1341 1403
1431 1369
1405 1343
1432 1370
1406 1344
1433 1371
1407 1345
1434 1372
1408 1346
1435 1373
1409 1347
1383 1321
1436 1374
1410 1348
1384 1322
1437 1375
1411 1349
1385 1323
1438 1376
1412 1350
1386 1324
1439 1377
1413 1351
1387 1325
1440 1378
1414 1352
1388 1326
1441 1379
1415 1353
1389 1327
1442 1380
1416 1354
1390 1328
1443 1381
1417 1355
1391 1329
1444 1382
1418 1356
1392 1330
1419 1357
1393 1331
1420 1358
1394 1332
1421 1359
1395 1333
1422 1360
1396 1334
1423 1361
1397 1335
1424 1362
1398 1336
1425 1363
1399 1337
1426 1364
1400 1338
1427 1365
1401 1339
1428 1366
1402 1340
1445 1446
1446 1447
1447 1448
1448 1449
1449 1450
1450 1451
1451 1452
1452 1453
1453 1454
1454 1455
1455 1456
1456 1457
1457 1458
1458 1459
1459 1460
1460 1461
1461 1462
1462 1463
1463 1464
1464 1465
1465 1466
1466 1467
1467 1468
1468 1469
1469 1470
1470 1471
1471 1472
1472 1473
1473 1474
1474 1475
1475 1476
1476 1477
1477 1478
1478 1479
1479 1480
1480 1481
1481 1482
1482 1483
1483 1484
1484 1485
1485 1486
1486 1487
1487 1488
1488 1489
1489 1490
1490 1491
1491 1492
1492 1493
1493 1494
1494 1495
1495 1496
1496 1497
1497 1498
1498 1499
1499 1500
1500 1501
1501 1502
1502 1503
1503 1504
1504 1505
1505 1506
1496 1434
1433 1495
1470 1408
1407 1469
1497 1435
1471 1409
1445 1383
1498 1436
1472 1410
1446 1384
1499 1437
1473 1411
1447 1385
1500 1438
1474 1412
1448 1386
1501 1439
1475 1413
1449 1387
1502 1440
1476 1414
1450 1388
1503 1441
1477 1415
1451 1389
1504 1442
1478 1416
1452 1390
1505 1443
1479 1417
1453 1391
1506 1444
1480 1418
1454 1392
1481 1419
1455 1393
1482 1420
1456 1394
1483 1421
1457 1395
1484 1422
1458 1396
1485 1423
1459 1397
1486 1424
1460 1398
1487 1425
1461 1399
1488 1426
1462 1400
1489 1427
1463 1401
1490 1428
1464 1402
1491 1429
1465 1403
1492 1430
1466 1404
1493 1431
1467 1405
1494 1432
1468 1406
1507 1508
1508 1509
1509 1510
1510 1511
1511 1512
1512 1513
1513 1514
1514 1515
1515 1516
1516 1517
1517 1518
1518 1519
1519 1520
1520 1521
1521 1522
1522 1523
1523 1524
1524 1525
1525 1526
1526 1527
1527 1528
1528 1529
1529 1530
1530 1531
1531 1532
1532 1533
1533 1534
1534 1535
1535 1536
1536 1537
1537 1538
1538 1539
1539 1540
1540 1541
1541 1542
1542 1543
1543 1544
1544 1545
1545 1546
1546 1547
1547 1548
1548 1549
1549 1550
1550 1551
1551 1552
1552 1553
1553 1554
1554 1555
1555 1556
1556 1557
1557 1558
1558 1559
1559 1560
1560 1561
1561 1562
1562 1563
1563 1564
1564 1565
1565 1566
1566 1567
1567 1568
1562 1500
1499 1561
1536 1474
1473 1535
1510 1448
1447 1509
1563 1501
1537 1475
1511 1449
1564 1502
1538 1476
1512 1450
1565 1503
1539 1477
1513 1451
1566 1504
1540 1478
1514 1452
1567 1505
1541 1479
1515 1453
1568 1506
1542 1480
1516 1454
1543 1481
1517 1455
1544 1482
1518 1456
1545 1483
1519 1457
1546 1484
1520 1458
1547 1485
1521 1459
1548 1486
1522 1460
1549 1487
1523 1461
1550 1488
1524 1462
1551 1489
1525 1463
1552 1490
1526 1464
1553 1491
1527 1465
1554 1492
1528 1466
1555 1493
1529 1467
1556 1494
1530 1468
1557 1495
1531 1469
1558 1496
1532 1470
1559 1497
1533 1471
1507 1445
1560 1498
1534 1472
1508 1446
1569 1570
1570 1571
1571 1572
1572 1573
1573 1574
1574 1575
1575 1576
1576 1577
1577 1578
1578 1579
1579 1580
1580 1581
1581 1582
1582 1583
1583 1584
1584 1585
1585 1586
1586 1587
1587 1588
1588 1589
1589 1590
1590 1591
1591 1592
1592 1593
1593 1594
1594 1595
1595 1596
1596 1597
1597 1598
1598 1599
1599 1600
1600 1601
1601 1602
1602 1603
1603 1604
1604 1605
1605 1606
1606 1607
1607 1608
1608 1609
1609 1610
1610 1611
1611 1612
1612 1613
1613 1614
1614 1615
1615 1616
1616 1617
1617 1618
1618 1619
1619 1620
1620 1621
1621 1622
1622 1623
1623 1624
1624 1625
1625 1626
1626 1627
1627 1628
1628 1629
1629 1630
1628 1566
1565 1627
1602 1540
1539 1601
1576 1514
1513 1575
1629 1567
1603 1541
1577 1515
1630 1568
1604 1542
1578 1516
1605 1543
1579 1517
1606 1544
1580 1518
1607 1545
1581 1519
1608 1546
1582 1520
1609 1547
1583 1521
1610 1548
1584 1522
1611 1549
1585 1523
1612 1550
1586 1524
1613 1551
1587 1525
1614 1552
1588 1526
1615 1553
1589 1527
1616 1554
1590 1528
1617 1555
1591 1529
1618 1556
1592 1530
1619 1557
1593 1531
1620 1558
1594 1532
1621 1559
1595 1533
1569 1507
1622 1560
1596 1534
1570 1508
1623 1561
1597 1535
1571 1509
1624 1562
1598 1536
1572 1510
1625 1563
1599 1537
1573 1511
1626 1564
1600 1538
1574 1512
1631 1632
1632 1633
1633 1634
1634 1635
1635 1636
1636 1637
1637 1638
1638 1639
1639 1640
1640 1641
1641 1642
1642 1643
1643 1644
1644 1645
1645 1646
1646 1647
1647 1648
1648 1649
1649 1650
1650 1651
1651 1652
1652 1653
1653 1654
1654 1655
1655 1656
1656 1657
1657 1658
1658 1659
1659 1660
1660 1661
1661 1662
1662 1663
1663 1664
1664 1665
1665 1666
1666 1667
1667 1668
1668 1669
1669 1670
1670 1671
1671 1672
1672 1673
1673 1674
1674 1675
1675 1676
1676 1677
1677 1678
1678 1679
1679 1680
1680 1681
1681 1682
1682 1683
1683 1684
1684 1685
1685 1686
1686 1687
1687 1688
1688 1689
1689 1690
1690 1691
1691 1692
1691 1629
1628 1690
1668 1606
1605 1667
1642 1580
1579 1641
1692 1630
1643 1581
1644 1582
1645 1583
1669 1607
1646 1584
1670 1608
1647 1585
1671 1609
1648 1586
1672 1610
1649 1587
1673 1611
1650 1588
1674 1612
1651 1589
1675 1613
1652 1590
1676 1614
1653 1591
1677 1615
1654 1592
1678 1616
1655 1593
1679 1617
1656 1594
1680 1618
1657 1595
1631 1569
1681 1619
1658 1596
1632 1570
1682 1620
1659 1597
1633 1571
1683 1621
1660 1598
1634 1572
1684 1622
1661 1599
1635 1573
1685 1623
1662 1600
1636 1574
1686 1624
1663 1601
1637 1575
1687 1625
1664 1602
1638 1576
1688 1626
1665 1603
1639 1577
1689 1627
1666 1604
1640 1578
1693 1694
1694 1695
1695 1696
1696 1697
1697 1698
1698 1699
1699 1700
1700 1701
1701 1702
1702 1703
1703 1704
1704 1705
1705 1706
1706 1707
1707 1708
1708 1709
1709 1710
1710 1711
1711 1712
1712 1713
1713 1714
1714 1715
1715 1716
1716 1717
1717 1718
1718 1719
1719 1720
1720 1721
1721 1722
1722 1723
1723 1724
1724 1725
1725 1726
1726 1727
1727 1728
1728 1729
1729 1730
1730 1731
1731 1732
1732 1733
1733 1734
1734 1735
1735 1736
1736 1737
1737 1738
1738 1739
1739 1740
1740 1741
1741 1742
1742 1743
1743 1744
1744 1745
1745 1746
1746 1747
1747 1748
1748 1749
1749 1750
1750 1751
1751 1752
1752 1753
1753 1754
1731 1669
1668 1730
1705 1643
1642 1704
1732 1670
1706 1644
1733 1671
1707 1645
1734 1672
1708 1646
1735 1673
1709 1647
1736 1674
1710 1648
1737 1675
1711 1649
1738 1676
1712 1650
1739 1677
1713 1651
1740 1678
1714 1652
1741 1679
1715 1653
1742 1680
1716 1654
1743 1681
1717 1655
1744 1682
1718 1656
1745 1683
1719 1657
1693 1631
1746 1684
1720 1658
1694 1632
1747 1685
1721 1659
1695 1633
1748 1686
1722 1660
1696 1634
1749 1687
1723 1661
1697 1635
1750 1688
1724 1662
1698 1636
1751 1689
1725 1663
1699 1637
1752 1690
1726 1664
1700 1638
1753 1691
1727 1665
1701 1639
1754 1692
1728 1666
1702 1640
1729 1667
1703 1641
1755 1756
1756 1757
1757 1758
1758 1759
1759 1760
1760 1761
1761 1762
1762 1763
1763 1764
1764 1765
1765 1766
1766 1767
1767 1768
1768 1769
1769 1770
1770 1771
1771 1772
1772 1773
1773 1774
1774 1775
1775 1776
1776 1777
1777 1778
1778 1779
1779 1780
1780 1781
1781 1782
1782 1783
1783 1784
1784 1785
1785 1786
1786 1787
1787 1788
1788 1789
1789 1790
1790 1791
1791 1792
1792 1793
1793 1794
1794 1795
1795 1796
1796 1797
1797 1798
1798 1799
1799 1800
1800 1801
1801 1802
1802 1803
1803 1804
1804 1805
1805 1806
1806 1807
1807 1808
1808 1809
1809 1810
1810 1811
1811 1812
1812 1813
1813 1814
1814 1815
1815 1816
1797 1735
1734 1796
1771 1709
1708 1770
1798 1736
1772 1710
1799 1737
1773 1711
1800 1738
1774 1712
1801 1739
1775 1713
1802 1740
1776 1714
1803 1741
1777 1715
1804 1742
1778 1716
1805 1743
1779 1717
1806 1744
1780 1718
1807 1745
1781 1719
1755 1693
1808 1746
1782 1720
1756 1694
1809 1747
1783 1721
1757 1695
1810 1748
1784 1722
1758 1696
1811 1749
1785 1723
1759 1697
1812 1750
1786 1724
1760 1698
1813 1751
1787 1725
1761 1699
1814 1752
1788 1726
1762 1700
1815 1753
1789 1727
1763 1701
1816 1754
1790 1728
1764 1702
1791 1729
1765 1703
1792 1730
1766 1704
1793 1731
1767 1705
1794 1732
1768 1706
1795 1733
1769 1707
1817 1818
1818 1819
1819 1820
1820 1821
1821 1822
1822 1823
1823 1824
1824 1825
1825 1826
1826 1827
1827 1828
1828 1829
1829 1830
1830 1831
1831 1832
1832 1833
1833 1834
1834 1835
1835 1836
1836 1837
1837 1838
1838 1839
1839 1840
1840 1841
1841 1842
1842 1843
1843 1844
1844 1845
1845 1846
1846 1847
1847 1848
1848 1849
1849 1850
1850 1851
1851 1852
1852 1853
1853 1854
1854 1855
1855 1856
1856 1857
1857 1858
1858 1859
1859 1860
1860 1861
1861 1862
1862 1863
1863 1864
1864 1865
1865 1866
1866 1867
1867 1868
1868 1869
1869 1870
1870 1871
1871 1872
1872 1873
1873 1874
1874 1875
1875 1876
1876 1877
1877 1878
1878 1879
1863 1801
1800 1862
1837 1775
1774 1836
1864 1802
1838 1776
1865 1803
1839 1777
1866 1804
1840 1778
1867 1805
1841 1779
1868 1806
1842 1780
1869 1807
1843 1781
1817 1755
1870 1808
1844 1782
1818 1756
1871 1809
1845 1783
1819 1757
1872 1810
1846 1784
1820 1758
1873 1811
1847 1785
1821 1759
1874 1812
1848 1786
1822 1760
1875 1813
1849 1787
1823 1761
1876 1814
1850 1788
1824 1762
1877 1815
1851 1789
1825 1763
1878 1816
1852 1790
1826 1764
1853 1791
1827 1765
1854 1792
1828 1766
1855 1793
1829 1767
1856 1794
1830 1768
1857 1795
1831 1769
1858 1796
1832 1770
1859 1797
1833 1771
1860 1798
1834 1772
1861 1799
1835 1773
1880 1881
1881 1882
1882 1883
1883 1884
1884 1885
1885 1886
1886 1887
1887 1888
1888 1889
1889 1890
1890 1891
1891 1892
1892 1893
1893 1894
1894 1895
1895 1896
1896 1897
1897 1898
1898 1899
1899 1900
1900 1901
1901 1902
1902 1903
1903 1904
1904 1905
1905 1906
1906 1907
1907 1908
1908 1909
1909 1910
1910 1911
1911 1912
1912 1913
1913 1914
1914 1915
1915 1916
1916 1917
1917 1918
1918 1919
1919 1920
1920 1921
1921 1922
1922 1923
1923 1924
1924 1925
1925 1926
1926 1927
1927 1928
1928 1929
1929 1930
1930 1931
1931 1932
1932 1933
1933 1934
1934 1935
1935 1936
1936 1937
1937 1938
1938 1939
1939 1940
1940 1941
1930 1867
1866 1929
1904 1841
1840 1903
1931 1868
1905 1842
1932 1869
1906 1843
1880 1817
1933 1870
1907 1844
1881 1818
1934 1871
1908 1845
1882 1819
1935 1872
1909 1846
1883 1820
1936 1873
1910 1847
1884 1821
1937 1874
1911 1848
1885 1822
1938 1875
1912 1849
1886 1823
1939 1876
1913 1850
1887 1824
1940 1877
1914 1851
1888 1825
1941 1878
1915 1852
1889 1826
1916 1853
1890 1827
1917 1854
1891 1828
1918 1855
1892 1829
1919 1856
1893 1830
1920 1857
1894 1831
1921 1858
1895 1832
1922 1859
1896 1833
1923 1860
1897 1834
1924 1861
1898 1835
1925 1862
1899 1836
1926 1863
1900 1837
1927 1864
1901 1838
1928 1865
1902 1839
1942 1943
1943 1944
1944 1945
1945 1946
1946 1947
1947 1948
1948 1949
1949 1950
1950 1951
1951 1952
1952 1953
1953 1954
1954 1955
1955 1956
1956 1957
1957 1958
1958 1959
1959 1960
1960 1961
1961 1962
1962 1963
1963 1964
1964 1965
1965 1966
1966 1967
1967 1968
1968 1969
1969 1970
1970 1971
1971 1972
1972 1973
1973 1974
1974 1975
1975 1976
1976 1977
1977 1978
1978 1979
1979 1980
1980 1981
1981 1982
1982 1983
1983 1984
1984 1985
1985 1986
1986 1987
1987 1988
1988 1989
1989 1990
1990 1991
1991 1992
1992 1993
1993 1994
1994 1995
1995 1996
1996 1997
1997 1998
1998 1999
1999 2000
2000 2001
2001 2002
2002 2003
1996 1934
1933 1995
1970 1908
1907 1969
1944 1882
1881 1943
1997 1935
1971 1909
1945 1883
1998 1936
1972 1910
1946 1884
1999 1937
1973 1911
1947 1885
2000 1938
1974 1912
1948 1886
2001 1939
1975 1913
1949 1887
2002 1940
1976 1914
1950 1888
2003 1941
1977 1915
1951 1889
1978 1916
1952 1890
1979 1917
1953 1891
1980 1918
1954 1892
1981 1919
1955 1893
1982 1920
1956 1894
1983 1921
1957 1895
1984 1922
1958 1896
1985 1923
1959 1897
1986 1924
1960 1898
1987 1925
1961 1899
1988 1926
1962 1900
1989 1927
1963 1901
1990 1928
1964 1902
1991 1929
1965 1903
1992 1930
1966 1904
1993 1931
1967 1905
1994 1932
1968 1906
1942 1880
2004 2005
2005 2006
2006 2007
2007 2008
2008 2009
2009 2010
2010 2011
2012 2013
2014 2015
2015 2016
2016 2017
2017 2018
2021 2022
2022 2023
2023 2024
2024 2025
2026 2027
2027 2028
2028 2029
2029 2030
2030 2031
2031 2032
2034 2035
2035 2036
2038 2039
2039 2040
2041 2042
2042 2043
2043 2044
2044 2045
2045 2046
2046 2047
2044 2000
1999 2043
2029 1974
1973 2028
2010 1948
1947 2009
2045 2001
2030 1975
2011 1949
2046 2002
2031 1976
2047 2003
2032 1977
2012 1951
2013 1952
2014 1954
2015 1955
2033 1982
2016 1956
2017 1957
2018 1958
2034 1986
2019 1960
2035 1987
2036 1988
2020 1963
2037 1990
2021 1965
2038 1992
2022 1966
2039 1993
2023 1967
2040 1994
2024 1968
2004 1942
2025 1969
2005 1943
2006 1944
2041 1997
2026 1971
2007 1945
2042 1998
2027 1972
2008 1946
452 2004
2011 0
0 2012
2013 1
1 2014
2018 2
2 2019
2019 3
4 2020
2020 5
5 2021
2025 6
6 2026
2032 7
10 2033
2033 11
13 2034
2036 14
14 2037
2037 15
15 2038
2040 16
17 2041
2047 1879
452 18
79 1879
31 2015
2014 30
58 2033
32 2016
33 2017
34 2018
62 2034
36 2019
63 2035
64 2036
39 2020
66 2037
41 2021
68 2038
42 2022
69 2039
43 2023
70 2040
44 2024
18 2004
45 2025
19 2005
20 2006
73 2041
47 2026
21 2007
74 2042
48 2027
22 2008
75 2043
49 2028
23 2009
76 2044
50 2029
24 2010
77 2045
51 2030
25 2011
78 2046
52 2031
79 2047
53 2032
27 2012
28 2013
452 80
141 1879
452 142
203 1879
452 204
265 1879
452 266
327 1879
452 328
389 1879
452 390
451 1879
514 1879
452 515
576 1879
452 577
638 1879
452 639
700 1879
452 701
762 1879
452 763
824 1879
452 825
886 1879
452 887
948 1879
452 949
1010 1879
452 1011
1072 1879
452 1073
1134 1879
452 1135
1196 1879
452 1197
1258 1879
452 1259
1320 1879
452 1321
1382 1879
452 1383
1444 1879
452 1445
1506 1879
452 1507
1568 1879
452 1569
1630 1879
452 1631
1692 1879
452 1693
1754 1879
452 1755
1816 1879
452 1817
452 1880
1941 1879
452 1942
2003 1879
0 1950
7 1978
8 1979
1 1953
9 1980
10 1981
11 1983
12 1984
13 1985
2 1959
3 1961
4 1962
14 1989
5 1964
15 1991
16 1995
17 1996
6 1970
57 9
31 2014
58 10
32 2015
58 11
32 2017
60 11
33 2018
61 12
35 2018
62 13
36 2
62 2035
36 3
64 2035
37 4
64 14
39 4
66 14
39 5
66 15
40 2021
67 2038
42 2021
68 2039
43 2022
69 2040
44 2023
70 16
45 2024
19 2004
72 16
45 6
20 2005
72 2041
47 6
21 2006
73 2042
48 2026
22 2007
74 2043
49 2027
23 2008
75 2044
49 2029
24 2009
76 2045
51 2029
24 2011
77 2046
51 2031
26 2011
78 2047
52 2032
27 0
53 7
27 2013
54 8
29 2013
56 8
30 1
135 72
109 46
82 21
136 73
110 47
83 22
137 74
111 48
85 22
138 75
111 50
86 23
139 76
113 50
87 24
140 77
113 52
88 25
141 78
115 52
89 26
116 53
90 27
116 55
91 28
118 55
91 30
119 56
93 30
120 57
93 32
121 58
94 33
122 59
95 34
122 61
97 34
124 61
98 35
125 62
99 36
126 63
100 37
127 64
101 38
128 65
101 40
129 66
103 40
130 67
103 42
131 68
105 42
131 70
106 43
133 70
106 45
81 18
134 71
107 46
81 20
201 138
175 112
149 86
202 139
175 114
149 88
203 140
177 114
151 88
178 115
152 89
178 117
153 90
180 117
154 91
181 118
155 92
181 120
155 94
183 120
156 95
184 121
158 95
184 123
159 96
186 123
159 98
187 124
160 99
188 125
162 99
188 127
163 100
189 128
163 102
191 128
164 103
191 130
165 104
193 130
166 105
193 132
167 106
194 133
169 106
143 80
196 133
169 108
144 81
196 135
171 108
144 83
198 135
172 109
146 83
199 136
173 110
147 84
200 137
173 112
147 86
241 178
215 152
242 179
216 153
243 180
217 154
243 182
218 155
245 182
218 157
246 183
219 158
247 184
221 158
248 185
221 160
249 186
223 160
250 187
224 161
250 189
225 162
252 189
225 164
253 190
227 164
253 192
228 165
255 192
228 167
255 194
230 167
256 195
231 168
205 142
258 195
231 170
205 144
259 196
233 170
206 145
260 197
233 172
208 145
260 199
235 172
208 147
262 199
235 174
210 147
263 200
237 174
211 148
264 201
237 176
212 149
264 203
239 176
213 150
240 177
214 151
306 245
280 219
308 245
281 220
308 247
283 220
310 247
283 222
310 249
285 222
312 249
285 224
312 251
287 224
314 251
288 225
315 252
288 227
315 254
290 227
317 254
290 229
317 256
292 229
318 257
292 231
267 204
320 257
293 232
268 205
321 258
295 232
268 207
322 259
295 234
270 207
323 260
297 234
270 209
324 261
297 236
272 209
325 262
299 236
272 211
326 263
299 238
273 212
327 264
301 238
275 212
302 239
276 213
303 240
276 215
304 241
278 215
304 243
279 216
306 243
279 218
372 311
347 284
374 311
347 286
374 313
349 286
376 313
349 288
376 315
350 289
378 315
351 290
379 316
352 291
380 317
354 291
381 318
355 292
329 266
382 319
355 294
329 268
383 320
357 294
330 269
383 322
357 296
331 270
384 323
359 296
332 271
386 323
359 298
334 271
387 324
361 298
335 272
388 325
361 300
336 273
389 326
363 300
337 274
364 301
338 275
364 303
338 277
366 303
340 277
367 304
341 278
368 305
342 279
368 307
342 281
370 307
343 282
370 309
345 282
372 309
345 284
439 376
412 351
440 377
413 352
441 378
415 352
442 379
415 354
442 381
417 354
391 328
443 382
417 356
392 329
445 382
419 356
393 330
445 384
419 358
393 332
446 385
421 358
394 333
448 385
421 360
396 333
448 387
423 360
396 335
450 387
423 362
398 335
450 389
425 362
399 336
426 363
400 337
426 365
400 339
428 365
402 339
428 367
403 340
430 367
404 341
430 369
404 343
431 370
405 344
432 371
407 344
434 371
407 346
435 372
409 346
436 373
410 347
436 375
411 348
438 375
412 349
505 443
479 417
454 390
506 444
480 418
454 392
508 444
482 418
455 393
508 446
482 420
456 394
509 447
484 420
458 394
511 447
484 422
459 395
511 449
486 422
459 397
513 449
486 424
461 397
514 450
488 424
462 398
489 425
463 399
489 427
463 401
491 427
465 401
491 429
466 402
493 429
467 403
493 431
467 405
494 432
468 406
495 433
470 406
497 433
470 408
498 434
472 408
499 435
473 409
499 437
474 410
501 437
475 411
502 438
475 413
502 440
476 414
504 440
477 415
505 441
479 415
518 457
571 510
546 483
519 458
573 510
546 485
520 459
573 512
548 485
522 459
575 512
548 487
523 460
576 513
550 487
524 461
551 488
525 462
551 490
525 464
553 490
527 464
553 492
528 465
555 492
529 466
555 494
529 468
556 495
530 469
557 496
532 469
559 496
532 471
560 497
534 471
561 498
535 472
561 500
536 473
563 500
537 474
563 502
537 476
565 502
538 477
566 503
540 477
567 504
540 479
567 506
542 479
516 453
568 507
542 481
516 455
570 507
544 481
517 456
570 509
544 483
585 522
638 575
612 549
586 523
613 550
587 524
613 552
587 526
615 552
589 526
615 554
589 528
617 554
591 528
617 556
591 530
619 556
592 531
619 558
594 531
621 558
594 533
622 559
596 533
622 561
597 534
623 562
598 535
625 562
599 536
626 563
599 538
626 565
601 538
628 565
602 539
628 567
602 541
629 568
603 542
578 515
631 568
604 543
579 516
632 569
606 543
580 517
632 571
607 544
580 519
633 572
608 545
582 519
635 572
609 546
583 520
636 573
610 547
583 522
637 574
610 549
651 588
677 616
651 590
679 616
653 590
679 618
653 592
680 619
654 593
681 620
656 593
683 620
656 595
684 621
658 595
685 622
659 596
685 624
660 597
687 624
660 599
688 625
661 600
688 627
662 601
690 627
664 601
690 629
665 602
692 629
665 604
640 577
692 631
666 605
641 578
694 631
668 605
642 579
694 633
669 606
643 580
696 633
670 607
643 582
697 634
670 609
645 582
697 636
672 609
645 584
699 636
672 611
646 585
700 637
674 611
648 585
675 612
649 586
675 614
649 588
677 614
716 655
743 682
718 655
745 682
718 657
745 684
720 657
747 684
721 658
747 686
722 659
749 686
722 661
749 688
724 661
750 689
724 663
752 689
725 664
753 690
727 664
754 691
727 666
702 639
754 693
728 667
703 640
756 693
730 667
703 642
756 695
730 669
705 642
757 696
732 669
706 643
759 696
733 670
707 644
759 698
734 671
708 645
761 698
734 673
708 647
761 700
736 673
710 647
737 674
710 649
737 676
711 650
739 676
713 650
739 678
714 651
741 678
715 652
742 679
715 654
742 681
783 720
809 748
784 721
810 749
784 723
811 750
786 723
812 751
786 725
814 751
787 726
814 753
789 726
816 753
789 728
764 701
816 755
790 729
765 702
818 755
792 729
766 703
819 756
793 730
766 705
819 758
794 731
767 706
820 759
795 732
768 707
822 759
796 733
769 708
822 761
796 735
770 709
823 762
798 735
772 709
798 737
772 711
799 738
774 711
801 738
775 712
801 740
776 713
803 740
777 714
803 742
777 716
804 743
778 717
805 744
780 717
807 744
780 719
808 745
782 719
809 746
848 787
850 787
850 789
851 790
826 763
852 791
827 764
854 791
827 766
854 793
828 767
856 793
829 768
856 795
830 769
858 795
831 770
858 797
832 771
860 797
834 771
861 798
834 773
861 800
836 773
863 800
876 813
837 774
863 802
877 814
838 775
865 802
878 815
839 776
866 803
878 817
839 778
866 805
880 817
840 779
867 806
881 818
842 779
869 806
882 819
843 780
870 807
883 820
843 782
871 808
884 821
845 782
871 810
884 823
846 783
872 811
886 823
846 785
873 812
848 785
874 813
927 866
901 840
928 867
902 841
929 868
904 841
931 868
905 842
932 869
905 844
933 870
907 844
933 872
908 845
934 873
908 847
935 874
910 847
936 875
910 849
938 875
912 849
938 877
912 851
940 877
913 852
888 825
940 879
914 853
889 826
942 879
916 853
889 828
943 880
916 855
890 829
944 881
918 855
891 830
945 882
918 857
892 831
946 883
920 857
893 832
946 885
920 859
894 833
947 886
922 859
896 833
922 861
897 834
923 862
897 836
925 862
899 836
925 864
900 837
927 864
901 838
994 931
968 905
995 932
969 906
995 934
970 907
997 934
970 909
997 936
972 909
998 937
972 911
1000 937
974 911
1000 939
974 913
1002 939
976 913
949 888
1002 941
977 914
951 888
1004 941
978 915
952 889
1005 942
978 917
952 891
1006 943
980 917
953 892
1007 944
980 919
954 893
1008 945
982 919
955 894
1008 947
982 921
956 895
1010 947
984 921
958 895
985 922
959 896
985 924
959 898
987 924
961 898
987 926
962 899
989 926
963 900
989 928
963 902
990 929
964 903
991 930
966 903
993 930
967 904
1059 998
1034 971
1060 999
1034 973
1062 999
1036 973
1063 1000
1036 975
1064 1001
1037 976
1012 949
1065 1002
1038 977
1013 950
1066 1003
1040 977
1014 951
1067 1004
1040 979
1015 952
1068 1005
1042 979
1015 954
1068 1007
1042 981
1016 955
1070 1007
1044 981
1017 956
1071 1008
1044 983
1018 957
1071 1010
1046 983
1020 957
1047 984
1021 958
1047 986
1022 959
1049 986
1023 960
1049 988
1024 961
1051 988
1025 962
1051 990
1025 964
1052 991
1026 965
1053 992
1028 965
1055 992
1029 966
1056 993
1030 967
1057 994
1031 968
1057 996
1032 969
1058 997
1032 971
1126 1063
1099 1038
1074 1011
1127 1064
1100 1039
1075 1012
1128 1065
1102 1039
1076 1013
1129 1066
1102 1041
1077 1014
1130 1067
1104 1041
1077 1016
1131 1068
1104 1043
1078 1017
1132 1069
1106 1043
1079 1018
1133 1070
1106 1045
1080 1019
1133 1072
1108 1045
1082 1019
1108 1047
1083 1020
1109 1048
1083 1022
1111 1048
1085 1022
1111 1050
1086 1023
1113 1050
1087 1024
1114 1051
1087 1026
1114 1053
1088 1027
1115 1054
1090 1027
1117 1054
1091 1028
1118 1055
1091 1030
1119 1056
1093 1030
1119 1058
1094 1031
1120 1059
1094 1033
1121 1060
1096 1033
1122 1061
1096 1035
1124 1061
1098 1035
1124 1063
1098 1037
1192 1129
1166 1103
1139 1078
1192 1131
1166 1105
1140 1079
1194 1131
1168 1105
1141 1080
1195 1132
1169 1106
1142 1081
1195 1134
1169 1108
1144 1081
1170 1109
1144 1083
1171 1110
1146 1083
1173 1110
1147 1084
1173 1112
1148 1085
1175 1112
1149 1086
1176 1113
1149 1088
1176 1115
1150 1089
1177 1116
1152 1089
1179 1116
1153 1090
1180 1117
1153 1092
1181 1118
1155 1092
1181 1120
1156 1093
1182 1121
1156 1095
1183 1122
1158 1095
1184 1123
1158 1097
1186 1123
1160 1097
1186 1125
1160 1099
1188 1125
1161 1100
1136 1073
1188 1127
1162 1101
1137 1074
1190 1127
1164 1101
1137 1076
1191 1128
1164 1103
1138 1077
1257 1196
1232 1169
1206 1143
1232 1171
1206 1145
1234 1171
1207 1146
1235 1172
1209 1146
1235 1174
1210 1147
1237 1174
1211 1148
1237 1176
1211 1150
1238 1177
1212 1151
1239 1178
1214 1151
1241 1178
1215 1152
1242 1179
1215 1154
1243 1180
1217 1154
1243 1182
1218 1155
1244 1183
1218 1157
1245 1184
1220 1157
1246 1185
1221 1158
1248 1185
1222 1159
1249 1186
1222 1161
1250 1187
1223 1162
1197 1136
1251 1188
1224 1163
1199 1136
1252 1189
1226 1163
1200 1137
1253 1190
1226 1165
1200 1139
1254 1191
1228 1165
1201 1140
1255 1192
1228 1167
1203 1140
1256 1193
1230 1167
1203 1142
1256 1195
1230 1169
1204 1143
1297 1236
1272 1209
1299 1236
1273 1210
1299 1238
1273 1212
1300 1239
1274 1213
1302 1239
1276 1213
1303 1240
1277 1214
1303 1242
1277 1216
1305 1242
1279 1216
1305 1244
1280 1217
1306 1245
1280 1219
1307 1246
1282 1219
1308 1247
1282 1221
1310 1247
1284 1221
1311 1248
1285 1222
1312 1249
1285 1224
1260 1197
1312 1251
1286 1225
1261 1198
1314 1251
1287 1226
1262 1199
1315 1252
1289 1226
1262 1201
1316 1253
1290 1227
1263 1202
1317 1254
1290 1229
1265 1202
1317 1256
1292 1229
1265 1204
1319 1256
1292 1231
1266 1205
1319 1258
1294 1231
1268 1205
1294 1233
1268 1207
1295 1234
1269 1208
1297 1234
1271 1208
1364 1301
1338 1275
1365 1302
1339 1276
1365 1304
1339 1278
1367 1304
1341 1278
1367 1306
1342 1279
1368 1307
1342 1281
1369 1308
1344 1281
1370 1309
1344 1283
1372 1309
1346 1283
1373 1310
1346 1285
1373 1312
1347 1286
1322 1259
1375 1312
1348 1287
1323 1260
1376 1313
1350 1287
1324 1261
1377 1314
1351 1288
1324 1263
1378 1315
1352 1289
1325 1264
1378 1317
1352 1291
1327 1264
1380 1317
1354 1291
1327 1266
1380 1319
1354 1293
1328 1267
1381 1320
1356 1293
1330 1267
1356 1295
1330 1269
1358 1295
1331 1270
1359 1296
1333 1270
1359 1298
1334 1271
1361 1298
1335 1272
1362 1299
1335 1274
1362 1301
1336 1275
1429 1368
1404 1341
1430 1369
1404 1343
1431 1370
1406 1343
1432 1371
1407 1344
1434 1371
1408 1345
1435 1372
1408 1347
1435 1374
1409 1348
1384 1321
1437 1374
1410 1349
1385 1322
1438 1375
1412 1349
1385 1324
1439 1376
1413 1350
1386 1325
1440 1377
1414 1351
1387 1326
1441 1378
1414 1353
1389 1326
1441 1380
1416 1353
1389 1328
1443 1380
1416 1355
1390 1329
1444 1381
1418 1355
1392 1329
1418 1357
1392 1331
1420 1357
1393 1332
1421 1358
1395 1332
1421 1360
1396 1333
1423 1360
1397 1334
1424 1361
1397 1336
1424 1363
1398 1337
1425 1364
1400 1337
1427 1364
1401 1338
1427 1366
1401 1340
1429 1366
1403 1340
1496 1433
1470 1407
1497 1434
1470 1409
1497 1436
1471 1410
1446 1383
1498 1437
1472 1411
1447 1384
1500 1437
1474 1411
1448 1385
1501 1438
1475 1412
1448 1387
1502 1439
1476 1413
1449 1388
1503 1440
1476 1415
1451 1388
1503 1442
1478 1415
1451 1390
1504 1443
1478 1417
1452 1391
1505 1444
1480 1417
1454 1391
1480 1419
1455 1392
1482 1419
1455 1394
1483 1420
1457 1394
1483 1422
1458 1395
1485 1422
1459 1396
1485 1424
1459 1398
1486 1425
1460 1399
1488 1425
1462 1399
1489 1426
1463 1400
1489 1428
1463 1402
1491 1428
1465 1402
1491 1430
1466 1403
1492 1431
1466 1405
1493 1432
1468 1405
1494 1433
1469 1406
1562 1499
1536 1473
1510 1447
1563 1500
1537 1474
1510 1449
1564 1501
1538 1475
1511 1450
1565 1502
1538 1477
1513 1450
1566 1503
1540 1477
1513 1452
1567 1504
1540 1479
1514 1453
1567 1506
1541 1480
1516 1453
1542 1481
1517 1454
1544 1481
1517 1456
1545 1482
1519 1456
1545 1484
1520 1457
1547 1484
1521 1458
1547 1486
1521 1460
1548 1487
1522 1461
1549 1488
1524 1461
1551 1488
1525 1462
1551 1490
1525 1464
1553 1490
1527 1464
1553 1492
1528 1465
1554 1493
1528 1467
1555 1494
1530 1467
1556 1495
1531 1468
1558 1495
1532 1469
1559 1496
1532 1471
1559 1498
1534 1471
1508 1445
1561 1498
1534 1473
1509 1446
1628 1565
1602 1539
1575 1514
1629 1566
1602 1541
1576 1515
1629 1568
1603 1542
1578 1515
1604 1543
1579 1516
1606 1543
1579 1518
1607 1544
1581 1518
1607 1546
1582 1519
1609 1546
1583 1520
1609 1548
1583 1522
1610 1549
1584 1523
1611 1550
1586 1523
1613 1550
1587 1524
1613 1552
1587 1526
1615 1552
1589 1526
1616 1553
1590 1527
1616 1555
1590 1529
1617 1556
1592 1529
1619 1556
1593 1530
1620 1557
1594 1531
1621 1558
1594 1533
1621 1560
1596 1533
1570 1507
1623 1560
1596 1535
1571 1508
1624 1561
1598 1535
1572 1509
1625 1562
1599 1536
1572 1511
1626 1563
1600 1537
1573 1512
1627 1564
1600 1539
1575 1512
1691 1628
1668 1605
1641 1580
1691 1630
1643 1580
1644 1581
1645 1582
1669 1606
1645 1584
1669 1608
1646 1585
1670 1609
1648 1585
1671 1610
1649 1586
1672 1611
1649 1588
1674 1611
1651 1588
1675 1612
1652 1589
1675 1614
1652 1591
1677 1614
1654 1591
1677 1616
1655 1592
1678 1617
1656 1593
1679 1618
1656 1595
1680 1619
1658 1595
1631 1570
1682 1619
1658 1597
1632 1571
1683 1620
1660 1597
1634 1571
1683 1622
1661 1598
1634 1573
1684 1623
1662 1599
1635 1574
1686 1623
1662 1601
1637 1574
1687 1624
1664 1601
1637 1576
1688 1625
1665 1602
1638 1577
1689 1626
1665 1604
1640 1577
1690 1627
1666 1605
1640 1579
1731 1668
1705 1642
1732 1669
1705 1644
1733 1670
1707 1644
1733 1672
1707 1646
1735 1672
1708 1647
1735 1674
1710 1647
1737 1674
1711 1648
1737 1676
1711 1650
1739 1676
1713 1650
1739 1678
1714 1651
1740 1679
1714 1653
1742 1679
1715 1654
1742 1681
1717 1654
1743 1682
1718 1655
1745 1682
1718 1657
1745 1684
1720 1657
1694 1631
1747 1684
1720 1659
1695 1632
1748 1685
1722 1659
1696 1633
1749 1686
1723 1660
1696 1635
1749 1688
1724 1661
1697 1636
1750 1689
1724 1663
1699 1636
1752 1689
1726 1663
1699 1638
1752 1691
1726 1665
1700 1639
1753 1692
1727 1666
1702 1639
1728 1667
1702 1641
1730 1667
1703 1642
1797 1734
1770 1709
1797 1736
1772 1709
1799 1736
1773 1710
1799 1738
1773 1712
1801 1738
1774 1713
1802 1739
1776 1713
1803 1740
1776 1715
1803 1742
1778 1715
1805 1742
1779 1716
1805 1744
1779 1718
1807 1744
1780 1719
1807 1746
1782 1719
1755 1694
1808 1747
1782 1721
1757 1694
1810 1747
1784 1721
1758 1695
1811 1748
1785 1722
1758 1697
1811 1750
1786 1723
1759 1698
1813 1750
1786 1725
1761 1698
1814 1751
1788 1725
1761 1700
1815 1752
1788 1727
1762 1701
1815 1754
1790 1727
1764 1701
1790 1729
1764 1703
1792 1729
1765 1704
1793 1730
1767 1704
1793 1732
1767 1706
1795 1732
1769 1706
1795 1734
1769 1708
1863 1800
1837 1774
1864 1801
1838 1775
1865 1802
1838 1777
1865 1804
1840 1777
1867 1804
1841 1778
1868 1805
1842 1779
1869 1806
1842 1781
1869 1808
1844 1781
1817 1756
1871 1808
1844 1783
1819 1756
1872 1809
1846 1783
1820 1757
1873 1810
1847 1784
1820 1759
1873 1812
1848 1785
1821 1760
1875 1812
1848 1787
1823 1760
1876 1813
1850 1787
1823 1762
1876 1815
1850 1789
1825 1762
1878 1815
1851 1790
1826 1763
1852 1791
1826 1765
1854 1791
1827 1766
1854 1793
1829 1766
1855 1794
1830 1767
1857 1794
1831 1768
1857 1796
1831 1770
1859 1796
1832 1771
1860 1797
1834 1771
1861 1798
1835 1772
1861 1800
1835 1774
1930 1866
1904 1840
1931 1867
1904 1842
1932 1868
1906 1842
1932 1870
1907 1843
1881 1817
1934 1870
1907 1845
1882 1818
1935 1871
1909 1845
1882 1820
1936 1872
1910 1846
1883 1821
1937 1873
1911 1847
1884 1822
1937 1875
1911 1849
1886 1822
1939 1875
1913 1849
1886 1824
1940 1876
1913 1851
1888 1824
1940 1878
1914 1852
1889 1825
1915 1853
1889 1827
1917 1853
1890 1828
1917 1855
1892 1828
1918 1856
1893 1829
1920 1856
1894 1830
1920 1858
1894 1832
1922 1858
1895 1833
1922 1860
1896 1834
1924 1860
1898 1834
1924 1862
1898 1836
1926 1862
1899 1837
1927 1863
1901 1837
1928 1864
1901 1839
1928 1866
1903 1839
1996 1933
1969 1908
1944 1881
1997 1934
1971 1908
1944 1883
1998 1935
1972 1909
1945 1884
1999 1936
1973 1910
1946 1885
1999 1938
1973 1912
1948 1885
2001 1938
1975 1912
1948 1887
2002 1939
1976 1913
1950 1887
2003 1940
1976 1915
1951 1888
1977 1916
1951 1890
1979 1916
1952 1891
1979 1918
1954 1891
1980 1919
1954 1893
1982 1919
1956 1893
1982 1921
1956 1895
1984 1921
1957 1896
1984 1923
1959 1896
1986 1923
1960 1897
1986 1925
1960 1899
1988 1925
1961 1900
1989 1926
1963 1900
1990 1927
1963 1902
1991 1928
1965 1902
1992 1929
1966 1903
1993 1930
1967 1904
1994 1931
1967 1906
1994 1933
1969 1906
1942 1881
2044 1999
2028 1974
2010 1947
2044 2001
2030 1974
2010 1949
2045 2002
2031 1975
0 1949
2046 2003
2031 1977
2012 1950
2032 1978
2012 1952
8 1978
2013 1953
8 1980
2014 1953
9 1981
2015 1954
2033 1981
2016 1955
2033 1983
2016 1957
12 1983
2017 1958
12 1985
2 1958
2034 1985
2019 1959
2034 1987
2019 1961
2036 1987
4 1961
2036 1989
2020 1962
2037 1989
2020 1964
2037 1991
2021 1964
15 1992
2022 1965
2039 1992
2022 1967
2040 1993
2023 1968
2040 1995
2025 1968
2004 1943
16 1996
2025 1970
2006 1943
17 1997
2026 1970
2006 1945
2042 1997
2027 1971
2007 1946
2043 1998
2028 1972
2009 1946
