0.000000 0.433884 0.900969
0.000000 0.563320 0.826239
0.000000 0.781832 0.623490
0.000000 0.840026 0.542546
0.000000 0.866025 0.500000
0.000000 0.911506 0.411287
0.000000 0.992239 0.124344
0.000000 0.962624 -0.270841
0.000000 0.947927 -0.318487
0.000000 0.930874 -0.365341
0.000000 0.911506 -0.411287
0.000000 0.866025 -0.500000
0.000000 0.840026 -0.542546
0.000000 0.811938 -0.583744
0.000000 0.680173 -0.733051
0.000000 0.603805 -0.797132
0.000000 0.433885 -0.900968
0.000000 0.388436 -0.921476
0.009433 0.048945 0.998757
0.018843 0.097769 0.995031
0.028206 0.146349 0.988831
0.037499 0.194565 0.980173
0.046699 0.242298 0.969077
0.055782 0.289429 0.955573
0.064727 0.335839 0.939693
0.073511 0.381415 0.921476
0.082113 0.426043 0.900969
0.090510 0.469611 0.878222
0.098682 0.512012 0.853291
0.106609 0.553140 0.826239
0.114270 0.592893 0.797132
0.121648 0.631172 0.766044
0.128723 0.667881 0.733052
0.135478 0.702930 0.698237
0.141897 0.736232 0.661686
0.147962 0.767703 0.623490
0.153660 0.797265 0.583744
0.158976 0.824846 0.542546
0.163896 0.850375 0.500000
0.168409 0.873791 0.456211
0.172503 0.895034 0.411287
0.176169 0.914052 0.365341
0.179396 0.930797 0.318487
0.182177 0.945228 0.270840
0.184506 0.957310 0.222521
0.186376 0.967011 0.173648
0.187782 0.974308 0.124344
0.188722 0.979183 0.074730
0.189192 0.981624 0.024931
0.189192 0.981624 -0.024931
0.188722 0.979183 -0.074730
0.187782 0.974308 -0.124344
0.186376 0.967011 -0.173648
0.184506 0.957310 -0.222521
0.182177 0.945228 -0.270841
0.179396 0.930797 -0.318487
0.176169 0.914052 -0.365341
0.172503 0.895034 -0.411287
0.168409 0.873791 -0.456211
0.163896 0.850375 -0.500000
0.158976 0.824846 -0.542546
0.153660 0.797265 -0.583744
0.147962 0.767703 -0.623490
0.141897 0.736232 -0.661686
0.135478 0.702931 -0.698236
0.128723 0.667882 -0.733051
0.121648 0.631172 -0.766044
0.114270 0.592894 -0.797132
0.106609 0.553141 -0.826238
0.098682 0.512013 -0.853290
0.090510 0.469612 -0.878221
0.082113 0.426044 -0.900968
0.073512 0.381417 -0.921476
0.064728 0.335841 -0.939692
0.055783 0.289430 -0.955572
0.046699 0.242300 -0.969077
0.037499 0.194567 -0.980172
0.028206 0.146351 -0.988831
0.018843 0.097771 -0.995031
0.009433 0.048947 -0.998757
0.018525 0.046275 0.998757
0.037005 0.092436 0.995031
0.055393 0.138366 0.988831
0.073643 0.183953 0.980173
0.091710 0.229082 0.969077
0.109549 0.273641 0.955573
0.127115 0.317521 0.939693
0.144366 0.360611 0.921476
0.161257 0.402804 0.900969
0.177748 0.443996 0.878222
0.193797 0.484084 0.853291
0.209364 0.522969 0.826239
0.224411 0.560553 0.797132
0.238899 0.596744 0.766044
0.252794 0.631451 0.733052
0.266060 0.664588 0.698237
0.278665 0.696073 0.661686
0.290577 0.725828 0.623490
0.301766 0.753777 0.583744
0.312205 0.779853 0.542546
0.321868 0.803990 0.500000
0.330731 0.826129 0.456211
0.338772 0.846213 0.411287
0.345970 0.864193 0.365341
0.352308 0.880026 0.318487
0.357770 0.893670 0.270840
0.362343 0.905092 0.222521
0.366015 0.914264 0.173648
0.368777 0.921163 0.124344
0.370622 0.925772 0.074730
0.371546 0.928080 0.024931
0.371546 0.928080 -0.024931
0.370622 0.925772 -0.074730
0.368777 0.921163 -0.124344
0.366015 0.914264 -0.173648
0.362343 0.905092 -0.222521
0.357770 0.893670 -0.270841
0.352308 0.880026 -0.318487
0.345970 0.864193 -0.365341
0.338772 0.846213 -0.411287
0.330731 0.826129 -0.456211
0.321868 0.803990 -0.500000
0.312205 0.779853 -0.542546
0.301766 0.753778 -0.583744
0.290577 0.725828 -0.623490
0.278665 0.696073 -0.661686
0.266060 0.664588 -0.698236
0.252794 0.631451 -0.733051
0.238899 0.596744 -0.766044
0.224411 0.560553 -0.797132
0.209364 0.522969 -0.826238
0.193797 0.484085 -0.853290
0.177749 0.443997 -0.878221
0.161258 0.402805 -0.900968
0.144366 0.360612 -0.921476
0.127116 0.317522 -0.939692
0.109549 0.273643 -0.955572
0.091710 0.229083 -0.969077
0.073643 0.183954 -0.980172
0.055393 0.138368 -0.988831
0.037006 0.092438 -0.995031
0.018526 0.046278 -0.998757
0.026947 0.041933 0.998757
0.053829 0.083762 0.995031
0.080577 0.125383 0.988831
0.107125 0.166692 0.980173
0.133406 0.207586 0.969077
0.159355 0.247964 0.955573
0.184909 0.287726 0.939693
0.210002 0.326773 0.921476
0.234574 0.365007 0.900969
0.258562 0.402333 0.878222
0.281908 0.438660 0.853291
0.304553 0.473895 0.826239
0.326440 0.507953 0.797132
0.347516 0.540748 0.766044
0.367728 0.572198 0.733052
0.387026 0.602226 0.698237
0.405361 0.630757 0.661686
0.422689 0.657719 0.623490
0.438966 0.683046 0.583744
0.454151 0.706675 0.542546
0.468207 0.728547 0.500000
0.481100 0.748608 0.456211
0.492796 0.766808 0.411287
0.503267 0.783101 0.365341
0.512487 0.797448 0.318487
0.520433 0.809812 0.270840
0.527085 0.820162 0.222521
0.532426 0.828474 0.173648
0.536444 0.834725 0.124344
0.539128 0.838902 0.074730
0.540472 0.840992 0.024931
0.540472 0.840992 -0.024931
0.539128 0.838902 -0.074730
0.536444 0.834725 -0.124344
0.532426 0.828473 -0.173648
0.527085 0.820162 -0.222521
0.520433 0.809811 -0.270841
0.512487 0.797448 -0.318487
0.503267 0.783101 -0.365341
0.492796 0.766808 -0.411287
0.481100 0.748608 -0.456211
0.468207 0.728547 -0.500000
0.454151 0.706675 -0.542546
0.438966 0.683046 -0.583744
0.422689 0.657719 -0.623490
0.405361 0.630757 -0.661686
0.387026 0.602226 -0.698236
0.367728 0.572199 -0.733051
0.347516 0.540748 -0.766044
0.326440 0.507954 -0.797132
0.304553 0.473896 -0.826238
0.281908 0.438660 -0.853290
0.258563 0.402334 -0.878221
0.234575 0.365008 -0.900968
0.210003 0.326774 -0.921476
0.184910 0.287727 -0.939692
0.159356 0.247966 -0.955572
0.133407 0.207587 -0.969077
0.107126 0.166693 -0.980172
0.080578 0.125384 -0.988831
0.053830 0.083764 -0.995031
0.026949 0.041935 -0.998757
0.034396 0.036076 0.998757
0.068708 0.072061 0.995031
0.102849 0.107868 0.988831
0.136735 0.143406 0.980173
0.170281 0.178587 0.969077
0.203403 0.213325 0.955573
0.236019 0.247532 0.939693
0.268049 0.281124 0.921476
0.299412 0.314017 0.900969
0.330031 0.346129 0.878222
0.359830 0.377381 0.853291
0.388734 0.407695 0.826239
0.416671 0.436994 0.797132
0.443573 0.465208 0.766044
0.469371 0.492265 0.733052
0.494003 0.518098 0.698237
0.517407 0.542643 0.661686
0.539524 0.565839 0.623490
0.560300 0.587628 0.583744
0.579683 0.607956 0.542546
0.597624 0.626773 0.500000
0.614080 0.644031 0.456211
0.629010 0.659689 0.411287
0.642375 0.673706 0.365341
0.654143 0.686048 0.318487
0.664285 0.696685 0.270840
0.672776 0.705589 0.222521
0.679594 0.712740 0.173648
0.684722 0.718118 0.124344
0.688148 0.721711 0.074730
0.689863 0.723510 0.024931
0.689863 0.723510 -0.024931
0.688148 0.721711 -0.074730
0.684722 0.718118 -0.124344
0.679594 0.712740 -0.173648
0.672776 0.705589 -0.222521
0.664285 0.696685 -0.270841
0.654143 0.686048 -0.318487
0.642375 0.673706 -0.365341
0.629009 0.659688 -0.411287
0.614080 0.644031 -0.456211
0.597624 0.626773 -0.500000
0.579683 0.607956 -0.542546
0.560300 0.587628 -0.583744
0.539524 0.565839 -0.623490
0.517407 0.542643 -0.661686
0.494003 0.518098 -0.698236
0.469372 0.492265 -0.733051
0.443573 0.465208 -0.766044
0.416672 0.436995 -0.797132
0.388734 0.407695 -0.826238
0.359831 0.377382 -0.853290
0.330032 0.346130 -0.878221
0.299413 0.314018 -0.900968
0.268050 0.281125 -0.921476
0.236020 0.247533 -0.939692
0.203404 0.213326 -0.955572
0.170282 0.178589 -0.969077
0.136736 0.143407 -0.980172
0.102851 0.107869 -0.988831
0.068710 0.072063 -0.995031
0.034398 0.036077 -0.998757
0.040601 0.028914 0.998757
0.081104 0.057756 0.995031
0.121404 0.086454 0.988831
0.161403 0.114937 0.980173
0.201001 0.143134 0.969077
0.240099 0.170976 0.955573
0.278600 0.198392 0.939693
0.316408 0.225315 0.921476
0.353429 0.251678 0.900969
0.389572 0.277415 0.878222
0.424747 0.302463 0.853291
0.458865 0.326759 0.826239
0.491843 0.350242 0.797132
0.523598 0.372855 0.766044
0.554051 0.394540 0.733052
0.583126 0.415245 0.698237
0.610752 0.434917 0.661686
0.636859 0.453508 0.623490
0.661383 0.470971 0.583744
0.684263 0.487264 0.542546
0.705442 0.502345 0.500000
0.724866 0.516177 0.456211
0.742489 0.528726 0.411287
0.758266 0.539961 0.365341
0.772157 0.549853 0.318487
0.784129 0.558378 0.270840
0.794151 0.565515 0.222521
0.802199 0.571246 0.173648
0.808252 0.575556 0.124344
0.812296 0.578436 0.074730
0.814321 0.579878 0.024931
0.814321 0.579878 -0.024931
0.812296 0.578436 -0.074730
0.808252 0.575556 -0.124344
0.802199 0.571246 -0.173648
0.794151 0.565515 -0.222521
0.784129 0.558378 -0.270841
0.772157 0.549853 -0.318487
0.758266 0.539961 -0.365341
0.742489 0.528726 -0.411287
0.724866 0.516177 -0.456211
0.705442 0.502345 -0.500000
0.684263 0.487264 -0.542546
0.661384 0.470971 -0.583744
0.636859 0.453508 -0.623490
0.610752 0.434917 -0.661686
0.583126 0.415245 -0.698236
0.554051 0.394540 -0.733051
0.523598 0.372855 -0.766044
0.491843 0.350242 -0.797132
0.458866 0.326759 -0.826238
0.424747 0.302464 -0.853290
0.389573 0.277416 -0.878221
0.353430 0.251679 -0.900968
0.316409 0.225316 -0.921476
0.278601 0.198393 -0.939692
0.240100 0.170977 -0.955572
0.201002 0.143135 -0.969077
0.161405 0.114938 -0.980172
0.121406 0.086455 -0.988831
0.081105 0.057757 -0.995031
0.040603 0.028916 -0.998757
0.045339 0.020708 0.998757
0.090568 0.041363 0.995031
0.135572 0.061916 0.988831
0.180238 0.082314 0.980173
0.224456 0.102508 0.969077
0.268117 0.122447 0.955573
0.311110 0.142082 0.939693
0.353331 0.161363 0.921476
0.394672 0.180243 0.900969
0.435033 0.198675 0.878222
0.474312 0.216613 0.853291
0.512412 0.234013 0.826239
0.549238 0.250831 0.797132
0.584698 0.267025 0.766044
0.618705 0.282555 0.733052
0.651173 0.297383 0.698237
0.682023 0.311472 0.661686
0.711177 0.324786 0.623490
0.738563 0.337293 0.583744
0.764112 0.348961 0.542546
0.787762 0.359761 0.500000
0.809454 0.369668 0.456211
0.829133 0.378655 0.411287
0.846751 0.386700 0.365341
0.862263 0.393785 0.318487
0.875632 0.399890 0.270840
0.886824 0.405001 0.222521
0.895811 0.409105 0.173648
0.902571 0.412192 0.124344
0.907087 0.414255 0.074730
0.909347 0.415287 0.024931
0.909347 0.415287 -0.024931
0.907086 0.414255 -0.074730
0.902571 0.412192 -0.124344
0.895811 0.409105 -0.173648
0.886824 0.405001 -0.222521
0.875632 0.399890 -0.270841
0.862263 0.393785 -0.318487
0.846751 0.386700 -0.365341
0.829133 0.378655 -0.411287
0.809454 0.369667 -0.456211
0.787762 0.359761 -0.500000
0.764112 0.348961 -0.542546
0.738563 0.337293 -0.583744
0.711177 0.324786 -0.623490
0.682023 0.311472 -0.661686
0.651174 0.297383 -0.698236
0.618705 0.282556 -0.733051
0.584699 0.267025 -0.766044
0.549238 0.250831 -0.797132
0.512413 0.234013 -0.826238
0.474313 0.216614 -0.853290
0.435034 0.198676 -0.878221
0.394673 0.180244 -0.900968
0.353332 0.161363 -0.921476
0.311112 0.142082 -0.939692
0.268118 0.122448 -0.955572
0.224458 0.102509 -0.969077
0.180240 0.082315 -0.980172
0.135573 0.061917 -0.988831
0.090570 0.041364 -0.995031
0.045341 0.020709 -0.998757
0.048439 0.011753 0.998757
0.096759 0.023476 0.995031
0.144839 0.035140 0.988831
0.192558 0.046717 0.980173
0.239799 0.058177 0.969077
0.286444 0.069493 0.955573
0.332377 0.080636 0.939693
0.377483 0.091579 0.921476
0.421651 0.102294 0.900969
0.464770 0.112754 0.878222
0.506734 0.122935 0.853291
0.547439 0.132809 0.826239
0.586782 0.142354 0.797132
0.624666 0.151545 0.766044
0.660998 0.160359 0.733052
0.695686 0.168774 0.698237
0.728644 0.176769 0.661686
0.759791 0.184326 0.623490
0.789049 0.191423 0.583744
0.816345 0.198045 0.542546
0.841611 0.204175 0.500000
0.864786 0.209797 0.456211
0.885810 0.214898 0.411287
0.904632 0.219464 0.365341
0.921205 0.223484 0.318487
0.935487 0.226949 0.270840
0.947444 0.229850 0.222521
0.957046 0.232179 0.173648
0.964267 0.233931 0.124344
0.969092 0.235102 0.074730
0.971507 0.235687 0.024931
0.971507 0.235687 -0.024931
0.969092 0.235101 -0.074730
0.964267 0.233931 -0.124344
0.957046 0.232179 -0.173648
0.947444 0.229850 -0.222521
0.935487 0.226949 -0.270841
0.921205 0.223484 -0.318487
0.904632 0.219464 -0.365341
0.885810 0.214897 -0.411287
0.864785 0.209797 -0.456211
0.841611 0.204175 -0.500000
0.816345 0.198045 -0.542546
0.789049 0.191423 -0.583744
0.759791 0.184326 -0.623490
0.728644 0.176770 -0.661686
0.695686 0.168774 -0.698236
0.660998 0.160359 -0.733051
0.624667 0.151545 -0.766044
0.586783 0.142354 -0.797132
0.547440 0.132810 -0.826238
0.506735 0.122935 -0.853290
0.464771 0.112755 -0.878221
0.421652 0.102294 -0.900968
0.377484 0.091579 -0.921476
0.332378 0.080636 -0.939692
0.286446 0.069493 -0.955572
0.239801 0.058177 -0.969077
0.192560 0.046717 -0.980172
0.144841 0.035140 -0.988831
0.096761 0.023476 -0.995031
0.048441 0.011754 -0.998757
-0.000002 0.000002 1.000000
0.049787 0.002374 0.998757
0.099453 0.004740 0.995031
0.148871 0.007094 0.988831
0.197919 0.009430 0.980173
0.246476 0.011743 0.969077
0.294419 0.014027 0.955573
0.341630 0.016276 0.939693
0.387993 0.018485 0.921476
0.433390 0.020647 0.900969
0.477710 0.022758 0.878222
0.520842 0.024813 0.853291
0.562680 0.026806 0.826239
0.603118 0.028732 0.797132
0.642058 0.030587 0.766044
0.679400 0.032366 0.733052
0.715054 0.034065 0.698237
0.748930 0.035678 0.661686
0.780944 0.037203 0.623490
0.811016 0.038636 0.583744
0.839072 0.039972 0.542546
0.865042 0.041209 0.500000
0.888862 0.042344 0.456211
0.910471 0.043373 0.411287
0.929817 0.044295 0.365341
0.946852 0.045106 0.318487
0.961532 0.045806 0.270840
0.973822 0.046391 0.222521
0.983690 0.046861 0.173648
0.991113 0.047215 0.124344
0.996072 0.047451 0.074730
0.998555 0.047569 0.024931
0.998555 0.047569 -0.024931
0.996072 0.047451 -0.074730
0.991113 0.047215 -0.124344
0.983690 0.046861 -0.173648
0.973822 0.046391 -0.222521
0.961532 0.045806 -0.270841
0.946852 0.045106 -0.318487
0.929817 0.044295 -0.365341
0.910471 0.043373 -0.411287
0.888862 0.042344 -0.456211
0.865042 0.041209 -0.500000
0.839072 0.039972 -0.542546
0.811016 0.038636 -0.583744
0.780944 0.037203 -0.623490
0.748930 0.035678 -0.661686
0.715054 0.034065 -0.698236
0.679401 0.032366 -0.733051
0.642058 0.030587 -0.766044
0.603119 0.028732 -0.797132
0.562681 0.026806 -0.826238
0.520843 0.024813 -0.853290
0.477711 0.022758 -0.878221
0.433391 0.020647 -0.900968
0.387994 0.018485 -0.921476
0.341632 0.016276 -0.939692
0.294421 0.014027 -0.955572
0.246477 0.011743 -0.969077
0.197921 0.009430 -0.980172
0.148873 0.007094 -0.988831
0.099455 0.004740 -0.995031
0.049789 0.002374 -0.998757
0.049336 -0.007091 0.998757
0.098552 -0.014167 0.995031
0.147523 -0.021208 0.988831
0.196127 -0.028196 0.980173
0.244244 -0.035115 0.969077
0.291753 -0.041945 0.955573
0.338537 -0.048672 0.939693
0.384479 -0.055277 0.921476
0.429465 -0.061745 0.900969
0.473384 -0.068060 0.878222
0.516125 -0.074205 0.853291
0.557584 -0.080166 0.826239
0.597656 -0.085928 0.797132
0.636243 -0.091476 0.766044
0.673247 -0.096796 0.733052
0.708578 -0.101876 0.698237
0.742147 -0.106702 0.661686
0.773872 -0.111264 0.623490
0.803672 -0.115548 0.583744
0.831474 -0.119546 0.542546
0.857208 -0.123246 0.500000
0.880812 -0.126639 0.456211
0.902226 -0.129718 0.411287
0.921397 -0.132474 0.365341
0.938277 -0.134902 0.318487
0.952824 -0.136993 0.270840
0.965003 -0.138744 0.222521
0.974782 -0.140150 0.173648
0.982138 -0.141208 0.124344
0.987052 -0.141914 0.074730
0.989512 -0.142268 0.024931
0.989512 -0.142268 -0.024931
0.987052 -0.141914 -0.074730
0.982138 -0.141208 -0.124344
0.974782 -0.140150 -0.173648
0.965003 -0.138744 -0.222521
0.952824 -0.136993 -0.270841
0.938277 -0.134902 -0.318487
0.921397 -0.132474 -0.365341
0.902226 -0.129718 -0.411287
0.880812 -0.126639 -0.456211
0.857208 -0.123246 -0.500000
0.831474 -0.119546 -0.542546
0.803672 -0.115548 -0.583744
0.773872 -0.111264 -0.623490
0.742148 -0.106702 -0.661686
0.708579 -0.101876 -0.698236
0.673248 -0.096796 -0.733051
0.636243 -0.091476 -0.766044
0.597657 -0.085928 -0.797132
0.557585 -0.080166 -0.826238
0.516126 -0.074205 -0.853290
0.473385 -0.068060 -0.878221
0.429466 -0.061746 -0.900968
0.384480 -0.055278 -0.921476
0.338538 -0.048672 -0.939692
0.291754 -0.041946 -0.955572
0.244245 -0.035115 -0.969077
0.196129 -0.028197 -0.980172
0.147525 -0.021209 -0.988831
0.098554 -0.014168 -0.995031
0.049338 -0.007091 -0.998757
0.047102 -0.016300 0.998757
0.094090 -0.032562 0.995031
0.140843 -0.048744 0.988831
0.187246 -0.064804 0.980173
0.233184 -0.080703 0.969077
0.278542 -0.096402 0.955573
0.323207 -0.111861 0.939693
0.367069 -0.127042 0.921476
0.410018 -0.141906 0.900969
0.451948 -0.156418 0.878222
0.492754 -0.170542 0.853291
0.532336 -0.184241 0.826239
0.570594 -0.197482 0.797132
0.607433 -0.210232 0.766044
0.642762 -0.222460 0.733052
0.676493 -0.234134 0.698237
0.708542 -0.245226 0.661686
0.738829 -0.255709 0.623490
0.767280 -0.265556 0.583744
0.793823 -0.274743 0.542546
0.818393 -0.283246 0.500000
0.840928 -0.291046 0.456211
0.861372 -0.298121 0.411287
0.879674 -0.304456 0.365341
0.895790 -0.310034 0.318487
0.909679 -0.314841 0.270840
0.921306 -0.318865 0.222521
0.930642 -0.322096 0.173648
0.937665 -0.324527 0.124344
0.942357 -0.326150 0.074730
0.944705 -0.326963 0.024931
0.944705 -0.326963 -0.024931
0.942356 -0.326150 -0.074730
0.937665 -0.324527 -0.124344
0.930642 -0.322096 -0.173648
0.921306 -0.318865 -0.222521
0.909679 -0.314841 -0.270841
0.895790 -0.310034 -0.318487
0.879674 -0.304456 -0.365341
0.861372 -0.298121 -0.411287
0.840927 -0.291046 -0.456211
0.818393 -0.283246 -0.500000
0.793823 -0.274743 -0.542546
0.767280 -0.265556 -0.583744
0.738830 -0.255709 -0.623490
0.708542 -0.245226 -0.661686
0.676493 -0.234134 -0.698236
0.642762 -0.222460 -0.733051
0.607433 -0.210232 -0.766044
0.570594 -0.197482 -0.797132
0.532337 -0.184241 -0.826238
0.492755 -0.170542 -0.853290
0.451949 -0.156419 -0.878221
0.410019 -0.141907 -0.900968
0.367070 -0.127042 -0.921476
0.323208 -0.111861 -0.939692
0.278543 -0.096402 -0.955572
0.233185 -0.080704 -0.969077
0.187248 -0.064805 -0.980172
0.140845 -0.048745 -0.988831
0.094092 -0.032563 -0.995031
0.047104 -0.016301 -0.998757
0.043166 -0.024919 0.998757
0.086226 -0.049780 0.995031
0.129072 -0.074518 0.988831
0.171598 -0.099070 0.980173
0.213696 -0.123375 0.969077
0.255263 -0.147374 0.955573
0.296196 -0.171007 0.939693
0.336392 -0.194214 0.921476
0.375752 -0.216938 0.900969
0.414178 -0.239123 0.878222
0.451574 -0.260714 0.853291
0.487848 -0.281657 0.826239
0.522908 -0.301899 0.797132
0.556669 -0.321391 0.766044
0.589045 -0.340083 0.733052
0.619957 -0.357930 0.698237
0.649328 -0.374887 0.661686
0.677084 -0.390912 0.623490
0.703157 -0.405966 0.583744
0.727482 -0.420010 0.542546
0.749998 -0.433009 0.500000
0.770650 -0.444932 0.456211
0.789386 -0.455750 0.411287
0.806158 -0.465433 0.365341
0.820928 -0.473960 0.318487
0.833655 -0.481309 0.270840
0.844311 -0.487461 0.222521
0.852867 -0.492401 0.173648
0.859303 -0.496116 0.124344
0.863602 -0.498599 0.074730
0.865755 -0.499841 0.024931
0.865755 -0.499841 -0.024931
0.863602 -0.498599 -0.074730
0.859303 -0.496116 -0.124344
0.852867 -0.492401 -0.173648
0.844311 -0.487461 -0.222521
0.833655 -0.481309 -0.270841
0.820927 -0.473960 -0.318487
0.806158 -0.465433 -0.365341
0.789385 -0.455750 -0.411287
0.770650 -0.444932 -0.456211
0.749998 -0.433009 -0.500000
0.727482 -0.420010 -0.542546
0.703157 -0.405966 -0.583744
0.677084 -0.390913 -0.623490
0.649328 -0.374887 -0.661686
0.619957 -0.357930 -0.698236
0.589045 -0.340083 -0.733051
0.556669 -0.321391 -0.766044
0.522909 -0.301899 -0.797132
0.487848 -0.281657 -0.826238
0.451575 -0.260715 -0.853290
0.414179 -0.239124 -0.878221
0.375753 -0.216939 -0.900968
0.336393 -0.194215 -0.921476
0.296197 -0.171007 -0.939692
0.255265 -0.147375 -0.955572
0.213698 -0.123376 -0.969077
0.171599 -0.099071 -0.980172
0.129074 -0.074519 -0.988831
0.086228 -0.049782 -0.995031
0.043168 -0.024921 -0.998757
0.037669 -0.032638 0.998757
0.075247 -0.065199 0.995031
0.112637 -0.097598 0.988831
0.149747 -0.129754 0.980173
0.186485 -0.161588 0.969077
0.222759 -0.193020 0.955573
0.258480 -0.223972 0.939693
0.293558 -0.254367 0.921476
0.327906 -0.284130 0.900969
0.361438 -0.313186 0.878222
0.394073 -0.341464 0.853291
0.425727 -0.368892 0.826239
0.456323 -0.395404 0.797132
0.485785 -0.420933 0.766044
0.514039 -0.445415 0.733052
0.541015 -0.468789 0.698237
0.566645 -0.490999 0.661686
0.590867 -0.511987 0.623490
0.613620 -0.531703 0.583744
0.634848 -0.550096 0.542546
0.654497 -0.567122 0.500000
0.672519 -0.582738 0.456211
0.688869 -0.596906 0.411287
0.703506 -0.609589 0.365341
0.716394 -0.620757 0.318487
0.727501 -0.630381 0.270840
0.736800 -0.638438 0.222521
0.744267 -0.644908 0.173648
0.749883 -0.649775 0.124344
0.753635 -0.653026 0.074730
0.755513 -0.654654 0.024931
0.755513 -0.654654 -0.024931
0.753635 -0.653026 -0.074730
0.749883 -0.649775 -0.124344
0.744267 -0.644908 -0.173648
0.736800 -0.638438 -0.222521
0.727501 -0.630381 -0.270841
0.716394 -0.620757 -0.318487
0.703506 -0.609589 -0.365341
0.688869 -0.596906 -0.411287
0.672519 -0.582738 -0.456211
0.654497 -0.567122 -0.500000
0.634848 -0.550096 -0.542546
0.613620 -0.531703 -0.583744
0.590867 -0.511987 -0.623490
0.566645 -0.490999 -0.661686
0.541015 -0.468790 -0.698236
0.514039 -0.445415 -0.733051
0.485785 -0.420933 -0.766044
0.456324 -0.395405 -0.797132
0.425728 -0.368893 -0.826238
0.394073 -0.341464 -0.853290
0.361439 -0.313187 -0.878221
0.327907 -0.284130 -0.900968
0.293559 -0.254368 -0.921476
0.258481 -0.223973 -0.939692
0.222761 -0.193021 -0.955572
0.186486 -0.161589 -0.969077
0.149749 -0.129756 -0.980172
0.112638 -0.097599 -0.988831
0.075248 -0.065201 -0.995031
0.037671 -0.032640 -0.998757
0.030811 -0.039177 0.998757
0.061547 -0.078262 0.995031
0.092130 -0.117151 0.988831
0.122484 -0.155749 0.980173
0.152534 -0.193960 0.969077
0.182204 -0.231689 0.955573
0.211421 -0.268842 0.939693
0.240113 -0.305326 0.921476
0.268208 -0.341052 0.900969
0.295635 -0.375929 0.878222
0.322328 -0.409872 0.853291
0.348220 -0.442795 0.826239
0.373246 -0.474618 0.797132
0.397344 -0.505261 0.766044
0.420454 -0.534648 0.733052
0.442518 -0.562705 0.698237
0.463483 -0.589364 0.661686
0.483295 -0.614557 0.623490
0.501906 -0.638222 0.583744
0.519268 -0.660301 0.542546
0.535340 -0.680738 0.500000
0.550081 -0.699483 0.456211
0.563454 -0.716488 0.411287
0.575427 -0.731712 0.365341
0.585969 -0.745117 0.318487
0.595054 -0.756670 0.270840
0.602659 -0.766341 0.222521
0.608767 -0.774107 0.173648
0.613360 -0.779949 0.124344
0.616429 -0.783851 0.074730
0.617966 -0.785805 0.024931
0.617966 -0.785805 -0.024931
0.616429 -0.783851 -0.074730
0.613360 -0.779949 -0.124344
0.608767 -0.774107 -0.173648
0.602659 -0.766341 -0.222521
0.595054 -0.756670 -0.270841
0.585969 -0.745117 -0.318487
0.575427 -0.731712 -0.365341
0.563454 -0.716488 -0.411287
0.550081 -0.699482 -0.456211
0.535340 -0.680738 -0.500000
0.519268 -0.660301 -0.542546
0.501906 -0.638223 -0.583744
0.483295 -0.614557 -0.623490
0.463483 -0.589364 -0.661686
0.442519 -0.562706 -0.698236
0.420454 -0.534648 -0.733051
0.397344 -0.505262 -0.766044
0.373246 -0.474619 -0.797132
0.348220 -0.442796 -0.826238
0.322329 -0.409872 -0.853290
0.295636 -0.375930 -0.878221
0.268208 -0.341052 -0.900968
0.240114 -0.305327 -0.921476
0.211422 -0.268843 -0.939692
0.182205 -0.231690 -0.955572
0.152535 -0.193962 -0.969077
0.122486 -0.155751 -0.980172
0.092132 -0.117153 -0.988831
0.061549 -0.078263 -0.995031
0.030813 -0.039179 -0.998757
0.022840 -0.044300 0.998757
0.045624 -0.088495 0.995031
0.068294 -0.132470 0.988831
0.090795 -0.176115 0.980173
0.113070 -0.219322 0.969077
0.135064 -0.261984 0.955573
0.156722 -0.303995 0.939693
0.177990 -0.345250 0.921476
0.198816 -0.385647 0.900969
0.219148 -0.425085 0.878222
0.238934 -0.463466 0.853291
0.258127 -0.500695 0.826239
0.276678 -0.536679 0.797132
0.294541 -0.571328 0.766044
0.311672 -0.604557 0.733052
0.328028 -0.636284 0.698237
0.343569 -0.666428 0.661686
0.358255 -0.694915 0.623490
0.372051 -0.721675 0.583744
0.384921 -0.746641 0.542546
0.396835 -0.769750 0.500000
0.407762 -0.790945 0.456211
0.417675 -0.810175 0.411287
0.426550 -0.827389 0.365341
0.434365 -0.842547 0.318487
0.441099 -0.855610 0.270840
0.446737 -0.866546 0.222521
0.451264 -0.875328 0.173648
0.454669 -0.881933 0.124344
0.456944 -0.886346 0.074730
0.458083 -0.888555 0.024931
0.458083 -0.888555 -0.024931
0.456944 -0.886346 -0.074730
0.454670 -0.881933 -0.124344
0.451264 -0.875328 -0.173648
0.446737 -0.866546 -0.222521
0.441099 -0.855610 -0.270841
0.434365 -0.842547 -0.318487
0.426550 -0.827389 -0.365341
0.417675 -0.810175 -0.411287
0.407762 -0.790945 -0.456211
0.396835 -0.769750 -0.500000
0.384921 -0.746641 -0.542546
0.372051 -0.721675 -0.583744
0.358255 -0.694916 -0.623490
0.343569 -0.666428 -0.661686
0.328028 -0.636284 -0.698236
0.311672 -0.604558 -0.733051
0.294542 -0.571329 -0.766044
0.276678 -0.536679 -0.797132
0.258127 -0.500695 -0.826238
0.238935 -0.463467 -0.853290
0.219148 -0.425086 -0.878221
0.198816 -0.385648 -0.900968
0.177991 -0.345251 -0.921476
0.156722 -0.303996 -0.939692
0.135064 -0.261986 -0.955572
0.113071 -0.219324 -0.969077
0.090796 -0.176117 -0.980172
0.068295 -0.132471 -0.988831
0.045625 -0.088497 -0.995031
0.022841 -0.044302 -0.998757
0.014043 -0.047822 0.998757
0.028051 -0.095530 0.995031
0.041989 -0.143001 0.988831
0.055824 -0.190115 0.980173
0.069519 -0.236758 0.969077
0.083041 -0.282811 0.955573
0.096358 -0.328161 0.939693
0.109434 -0.372696 0.921476
0.122238 -0.416304 0.900969
0.134739 -0.458877 0.878222
0.146905 -0.500309 0.853291
0.158705 -0.540497 0.826239
0.170111 -0.579342 0.797132
0.181094 -0.616746 0.766044
0.191626 -0.652617 0.733052
0.201682 -0.686865 0.698237
0.211237 -0.719406 0.661686
0.220267 -0.750158 0.623490
0.228749 -0.779045 0.583744
0.236662 -0.805995 0.542546
0.243987 -0.830941 0.500000
0.250705 -0.853821 0.456211
0.256800 -0.874579 0.411287
0.262257 -0.893162 0.365341
0.267062 -0.909525 0.318487
0.271202 -0.923627 0.270840
0.274668 -0.935432 0.222521
0.277452 -0.944912 0.173648
0.279546 -0.952042 0.124344
0.280944 -0.956806 0.074730
0.281644 -0.959191 0.024931
0.281644 -0.959191 -0.024931
0.280944 -0.956806 -0.074730
0.279546 -0.952042 -0.124344
0.277452 -0.944912 -0.173648
0.274668 -0.935432 -0.222521
0.271202 -0.923627 -0.270841
0.267061 -0.909525 -0.318487
0.262257 -0.893162 -0.365341
0.256800 -0.874579 -0.411287
0.250705 -0.853821 -0.456211
0.243987 -0.830941 -0.500000
0.236662 -0.805995 -0.542546
0.228749 -0.779045 -0.583744
0.220267 -0.750158 -0.623490
0.211237 -0.719406 -0.661686
0.201683 -0.686865 -0.698236
0.191626 -0.652617 -0.733051
0.181094 -0.616746 -0.766044
0.170111 -0.579342 -0.797132
0.158705 -0.540498 -0.826238
0.146905 -0.500310 -0.853290
0.134739 -0.458878 -0.878221
0.122239 -0.416305 -0.900968
0.109434 -0.372697 -0.921476
0.096358 -0.328163 -0.939692
0.083042 -0.282813 -0.955572
0.069519 -0.236759 -0.969077
0.055824 -0.190117 -0.980172
0.041990 -0.143002 -0.988831
0.028051 -0.095532 -0.995031
0.014043 -0.047824 -0.998757
0.004738 -0.049616 0.998757
0.009464 -0.099112 0.995031
0.014167 -0.148363 0.988831
0.018835 -0.197244 0.980173
0.023456 -0.245636 0.969077
0.028018 -0.293416 0.955573
0.032511 -0.340467 0.939693
0.036923 -0.386671 0.921476
0.041243 -0.431914 0.900969
0.045461 -0.476084 0.878222
0.049565 -0.519069 0.853291
0.053547 -0.560765 0.826239
0.057395 -0.601066 0.797132
0.061101 -0.639873 0.766044
0.064655 -0.677088 0.733052
0.068047 -0.712621 0.698237
0.071271 -0.746382 0.661686
0.074318 -0.778287 0.623490
0.077179 -0.808257 0.583744
0.079849 -0.836218 0.542546
0.082321 -0.862099 0.500000
0.084588 -0.885838 0.456211
0.086644 -0.907374 0.411287
0.088485 -0.926654 0.365341
0.090106 -0.943631 0.318487
0.091503 -0.958261 0.270840
0.092673 -0.970509 0.222521
0.093612 -0.980344 0.173648
0.094318 -0.987742 0.124344
0.094790 -0.992684 0.074730
0.095026 -0.995158 0.024931
0.095026 -0.995158 -0.024931
0.094790 -0.992684 -0.074730
0.094318 -0.987742 -0.124344
0.093612 -0.980344 -0.173648
0.092673 -0.970509 -0.222521
0.091503 -0.958261 -0.270841
0.090106 -0.943631 -0.318487
0.088485 -0.926654 -0.365341
0.086644 -0.907374 -0.411287
0.084588 -0.885838 -0.456211
0.082321 -0.862099 -0.500000
0.079849 -0.836218 -0.542546
0.077179 -0.808257 -0.583744
0.074318 -0.778287 -0.623490
0.071271 -0.746382 -0.661686
0.068047 -0.712621 -0.698236
0.064654 -0.677089 -0.733051
0.061101 -0.639873 -0.766044
0.057395 -0.601067 -0.797132
0.053547 -0.560766 -0.826238
0.049565 -0.519071 -0.853290
0.045461 -0.476085 -0.878221
0.041243 -0.431916 -0.900968
0.036923 -0.386673 -0.921476
0.032511 -0.340468 -0.939692
0.028018 -0.293417 -0.955572
0.023456 -0.245637 -0.969077
0.018835 -0.197246 -0.980172
0.014167 -0.148365 -0.988831
0.009465 -0.099114 -0.995031
0.004738 -0.049618 -0.998757
-0.004738 -0.049616 0.998757
-0.009464 -0.099112 0.995031
-0.014167 -0.148363 0.988831
-0.018835 -0.197244 0.980173
-0.023456 -0.245636 0.969077
-0.028018 -0.293416 0.955573
-0.032511 -0.340467 0.939693
-0.036923 -0.386671 0.921476
-0.041243 -0.431914 0.900969
-0.045461 -0.476084 0.878222
-0.049565 -0.519069 0.853291
-0.053547 -0.560765 0.826239
-0.057395 -0.601066 0.797132
-0.061101 -0.639873 0.766044
-0.064654 -0.677088 0.733052
-0.068047 -0.712621 0.698237
-0.071271 -0.746382 0.661686
-0.074318 -0.778287 0.623490
-0.077179 -0.808257 0.583744
-0.079849 -0.836218 0.542546
-0.082321 -0.862100 0.500000
-0.084587 -0.885838 0.456211
-0.086644 -0.907374 0.411287
-0.088485 -0.926654 0.365341
-0.090106 -0.943631 0.318487
-0.091503 -0.958261 0.270840
-0.092673 -0.970509 0.222521
-0.093612 -0.980344 0.173648
-0.094318 -0.987742 0.124344
-0.094790 -0.992684 0.074730
-0.095026 -0.995158 0.024931
-0.095026 -0.995158 -0.024931
-0.094790 -0.992684 -0.074730
-0.094318 -0.987742 -0.124344
-0.093612 -0.980344 -0.173648
-0.092673 -0.970509 -0.222521
-0.091503 -0.958261 -0.270841
-0.090106 -0.943631 -0.318487
-0.088485 -0.926654 -0.365341
-0.086644 -0.907374 -0.411287
-0.084587 -0.885838 -0.456211
-0.082321 -0.862100 -0.500000
-0.079849 -0.836218 -0.542546
-0.077179 -0.808257 -0.583744
-0.074318 -0.778287 -0.623490
-0.071271 -0.746382 -0.661686
-0.068047 -0.712621 -0.698236
-0.064654 -0.677089 -0.733051
-0.061101 -0.639873 -0.766044
-0.057395 -0.601067 -0.797132
-0.053547 -0.560766 -0.826238
-0.049565 -0.519071 -0.853290
-0.045461 -0.476085 -0.878221
-0.041243 -0.431916 -0.900968
-0.036923 -0.386673 -0.921476
-0.032511 -0.340468 -0.939692
-0.028018 -0.293418 -0.955572
-0.023456 -0.245637 -0.969077
-0.018835 -0.197246 -0.980172
-0.014167 -0.148365 -0.988831
-0.009464 -0.099114 -0.995031
-0.004738 -0.049618 -0.998757
-0.014043 -0.047822 0.998757
-0.028051 -0.095530 0.995031
-0.041989 -0.143001 0.988831
-0.055824 -0.190115 0.980173
-0.069519 -0.236758 0.969077
-0.083041 -0.282811 0.955573
-0.096358 -0.328161 0.939693
-0.109434 -0.372696 0.921476
-0.122239 -0.416304 0.900969
-0.134739 -0.458877 0.878222
-0.146905 -0.500309 0.853291
-0.158705 -0.540497 0.826239
-0.170111 -0.579342 0.797132
-0.181094 -0.616746 0.766044
-0.191626 -0.652617 0.733052
-0.201682 -0.686865 0.698237
-0.211237 -0.719405 0.661686
-0.220267 -0.750158 0.623490
-0.228749 -0.779045 0.583744
-0.236662 -0.805995 0.542546
-0.243987 -0.830941 0.500000
-0.250705 -0.853821 0.456211
-0.256800 -0.874579 0.411287
-0.262257 -0.893162 0.365341
-0.267061 -0.909525 0.318487
-0.271202 -0.923627 0.270840
-0.274668 -0.935432 0.222521
-0.277452 -0.944912 0.173648
-0.279545 -0.952042 0.124344
-0.280944 -0.956806 0.074730
-0.281644 -0.959191 0.024931
-0.281644 -0.959191 -0.024931
-0.280944 -0.956806 -0.074730
-0.279545 -0.952042 -0.124344
-0.277452 -0.944912 -0.173648
-0.274668 -0.935432 -0.222521
-0.271202 -0.923627 -0.270841
-0.267061 -0.909525 -0.318487
-0.262257 -0.893162 -0.365341
-0.256800 -0.874579 -0.411287
-0.250705 -0.853821 -0.456211
-0.243987 -0.830941 -0.500000
-0.236662 -0.805995 -0.542546
-0.228749 -0.779045 -0.583744
-0.220267 -0.750158 -0.623490
-0.211237 -0.719406 -0.661686
-0.201682 -0.686865 -0.698236
-0.191626 -0.652617 -0.733051
-0.181094 -0.616746 -0.766044
-0.170111 -0.579342 -0.797132
-0.158705 -0.540498 -0.826238
-0.146905 -0.500310 -0.853290
-0.134739 -0.458878 -0.878221
-0.122239 -0.416305 -0.900968
-0.109434 -0.372697 -0.921476
-0.096358 -0.328163 -0.939692
-0.083042 -0.282813 -0.955572
-0.069519 -0.236759 -0.969077
-0.055824 -0.190117 -0.980172
-0.041990 -0.143002 -0.988831
-0.028051 -0.095532 -0.995031
-0.014043 -0.047824 -0.998757
-0.022840 -0.044300 0.998757
-0.045624 -0.088495 0.995031
-0.068294 -0.132470 0.988831
-0.090795 -0.176115 0.980173
-0.113070 -0.219322 0.969077
-0.135064 -0.261985 0.955573
-0.156722 -0.303995 0.939693
-0.177990 -0.345250 0.921476
-0.198816 -0.385647 0.900969
-0.219148 -0.425085 0.878222
-0.238934 -0.463466 0.853291
-0.258127 -0.500694 0.826239
-0.276678 -0.536678 0.797132
-0.294541 -0.571328 0.766044
-0.311672 -0.604558 0.733052
-0.328028 -0.636284 0.698237
-0.343569 -0.666428 0.661686
-0.358255 -0.694915 0.623490
-0.372051 -0.721675 0.583744
-0.384921 -0.746641 0.542546
-0.396835 -0.769750 0.500000
-0.407762 -0.790945 0.456211
-0.417675 -0.810175 0.411287
-0.426550 -0.827389 0.365341
-0.434364 -0.842547 0.318487
-0.441099 -0.855610 0.270840
-0.446737 -0.866546 0.222521
-0.451264 -0.875328 0.173648
-0.454669 -0.881933 0.124344
-0.456944 -0.886346 0.074730
-0.458083 -0.888555 0.024931
-0.458083 -0.888555 -0.024931
-0.456944 -0.886346 -0.074730
-0.454669 -0.881933 -0.124344
-0.451264 -0.875328 -0.173648
-0.446737 -0.866546 -0.222521
-0.441099 -0.855610 -0.270841
-0.434365 -0.842547 -0.318487
-0.426550 -0.827389 -0.365341
-0.417675 -0.810175 -0.411287
-0.407762 -0.790945 -0.456211
-0.396835 -0.769750 -0.500000
-0.384921 -0.746641 -0.542546
-0.372051 -0.721675 -0.583744
-0.358255 -0.694916 -0.623490
-0.343569 -0.666428 -0.661686
-0.328028 -0.636284 -0.698236
-0.311672 -0.604558 -0.733051
-0.294542 -0.571329 -0.766044
-0.276679 -0.536679 -0.797132
-0.258128 -0.500695 -0.826238
-0.238935 -0.463467 -0.853290
-0.219148 -0.425086 -0.878221
-0.198817 -0.385648 -0.900968
-0.177991 -0.345251 -0.921476
-0.156722 -0.303997 -0.939692
-0.135064 -0.261986 -0.955572
-0.113071 -0.219324 -0.969077
-0.090796 -0.176117 -0.980172
-0.068295 -0.132471 -0.988831
-0.045625 -0.088497 -0.995031
-0.022841 -0.044302 -0.998757
-0.030811 -0.039177 0.998757
-0.061547 -0.078262 0.995031
-0.092130 -0.117151 0.988831
-0.122484 -0.155749 0.980173
-0.152534 -0.193960 0.969077
-0.182204 -0.231689 0.955573
-0.211421 -0.268842 0.939693
-0.240113 -0.305326 0.921476
-0.268208 -0.341051 0.900969
-0.295636 -0.375929 0.878222
-0.322328 -0.409872 0.853291
-0.348220 -0.442795 0.826239
-0.373246 -0.474618 0.797132
-0.397344 -0.505261 0.766044
-0.420453 -0.534648 0.733052
-0.442518 -0.562705 0.698237
-0.463483 -0.589364 0.661686
-0.483295 -0.614557 0.623490
-0.501905 -0.638222 0.583744
-0.519268 -0.660301 0.542546
-0.535340 -0.680738 0.500000
-0.550081 -0.699483 0.456211
-0.563454 -0.716488 0.411287
-0.575427 -0.731712 0.365341
-0.585968 -0.745117 0.318487
-0.595053 -0.756670 0.270840
-0.602659 -0.766341 0.222521
-0.608766 -0.774107 0.173648
-0.613360 -0.779949 0.124344
-0.616429 -0.783851 0.074730
-0.617966 -0.785805 0.024931
-0.617966 -0.785805 -0.024931
-0.616429 -0.783851 -0.074730
-0.613360 -0.779949 -0.124344
-0.608766 -0.774107 -0.173648
-0.602659 -0.766341 -0.222521
-0.595053 -0.756670 -0.270841
-0.585969 -0.745117 -0.318487
-0.575427 -0.731712 -0.365341
-0.563454 -0.716488 -0.411287
-0.550081 -0.699482 -0.456211
-0.535340 -0.680738 -0.500000
-0.519268 -0.660301 -0.542546
-0.501906 -0.638223 -0.583744
-0.483295 -0.614557 -0.623490
-0.463483 -0.589364 -0.661686
-0.442518 -0.562706 -0.698236
-0.420454 -0.534648 -0.733051
-0.397344 -0.505261 -0.766044
-0.373246 -0.474619 -0.797132
-0.348221 -0.442796 -0.826238
-0.322329 -0.409872 -0.853290
-0.295636 -0.375930 -0.878221
-0.268208 -0.341052 -0.900968
-0.240114 -0.305327 -0.921476
-0.211422 -0.268843 -0.939692
-0.182205 -0.231690 -0.955572
-0.152535 -0.193962 -0.969077
-0.122485 -0.155751 -0.980172
-0.092132 -0.117153 -0.988831
-0.061549 -0.078263 -0.995031
-0.030813 -0.039179 -0.998757
-0.037669 -0.032638 0.998757
-0.075247 -0.065199 0.995031
-0.112637 -0.097598 0.988831
-0.149747 -0.129754 0.980173
-0.186485 -0.161588 0.969077
-0.222759 -0.193020 0.955573
-0.258480 -0.223972 0.939693
-0.293558 -0.254367 0.921476
-0.327906 -0.284130 0.900969
-0.361438 -0.313186 0.878222
-0.394073 -0.341464 0.853291
-0.425727 -0.368892 0.826239
-0.456323 -0.395404 0.797132
-0.485785 -0.420933 0.766044
-0.514038 -0.445415 0.733052
-0.541014 -0.468790 0.698237
-0.566645 -0.490998 0.661686
-0.590867 -0.511987 0.623490
-0.613620 -0.531703 0.583744
-0.634848 -0.550096 0.542546
-0.654497 -0.567122 0.500000
-0.672518 -0.582738 0.456211
-0.688869 -0.596906 0.411287
-0.703506 -0.609589 0.365341
-0.716394 -0.620757 0.318487
-0.727501 -0.630381 0.270840
-0.736800 -0.638438 0.222521
-0.744267 -0.644908 0.173648
-0.749883 -0.649775 0.124344
-0.753635 -0.653026 0.074730
-0.755513 -0.654654 0.024931
-0.755513 -0.654654 -0.024931
-0.753635 -0.653026 -0.074730
-0.749883 -0.649775 -0.124344
-0.744266 -0.644908 -0.173648
-0.736800 -0.638438 -0.222521
-0.727501 -0.630381 -0.270841
-0.716394 -0.620757 -0.318487
-0.703506 -0.609589 -0.365341
-0.688869 -0.596906 -0.411287
-0.672518 -0.582738 -0.456211
-0.654497 -0.567122 -0.500000
-0.634848 -0.550096 -0.542546
-0.613620 -0.531703 -0.583744
-0.590867 -0.511987 -0.623490
-0.566645 -0.490999 -0.661686
-0.541015 -0.468790 -0.698236
-0.514039 -0.445415 -0.733051
-0.485785 -0.420933 -0.766044
-0.456324 -0.395404 -0.797132
-0.425728 -0.368893 -0.826238
-0.394074 -0.341464 -0.853290
-0.361439 -0.313187 -0.878221
-0.327907 -0.284130 -0.900968
-0.293559 -0.254368 -0.921476
-0.258481 -0.223973 -0.939692
-0.222761 -0.193021 -0.955572
-0.186486 -0.161589 -0.969077
-0.149748 -0.129756 -0.980172
-0.112638 -0.097599 -0.988831
-0.075248 -0.065201 -0.995031
-0.037671 -0.032640 -0.998757
-0.043166 -0.024920 0.998757
-0.086226 -0.049780 0.995031
-0.129072 -0.074518 0.988831
-0.171598 -0.099070 0.980173
-0.213696 -0.123375 0.969077
-0.255264 -0.147374 0.955573
-0.296196 -0.171007 0.939693
-0.336392 -0.194214 0.921476
-0.375752 -0.216938 0.900969
-0.414178 -0.239124 0.878222
-0.451574 -0.260714 0.853291
-0.487848 -0.281657 0.826239
-0.522908 -0.301899 0.797132
-0.556669 -0.321391 0.766044
-0.589045 -0.340083 0.733052
-0.619957 -0.357930 0.698237
-0.649328 -0.374887 0.661686
-0.677084 -0.390912 0.623490
-0.703157 -0.405966 0.583744
-0.727482 -0.420010 0.542546
-0.749998 -0.433009 0.500000
-0.770650 -0.444933 0.456211
-0.789385 -0.455750 0.411287
-0.806158 -0.465434 0.365341
-0.820927 -0.473960 0.318487
-0.833655 -0.481309 0.270840
-0.844310 -0.487461 0.222521
-0.852867 -0.492401 0.173648
-0.859302 -0.496116 0.124344
-0.863602 -0.498599 0.074730
-0.865754 -0.499841 0.024931
-0.865754 -0.499841 -0.024931
-0.863602 -0.498598 -0.074730
-0.859302 -0.496116 -0.124344
-0.852867 -0.492401 -0.173648
-0.844310 -0.487461 -0.222521
-0.833655 -0.481309 -0.270841
-0.820927 -0.473960 -0.318487
-0.806158 -0.465434 -0.365341
-0.789385 -0.455750 -0.411287
-0.770650 -0.444933 -0.456211
-0.749998 -0.433009 -0.500000
-0.727482 -0.420010 -0.542546
-0.703157 -0.405966 -0.583744
-0.677084 -0.390913 -0.623490
-0.649328 -0.374887 -0.661686
-0.619957 -0.357930 -0.698236
-0.589045 -0.340083 -0.733051
-0.556669 -0.321391 -0.766044
-0.522909 -0.301899 -0.797132
-0.487848 -0.281657 -0.826238
-0.451575 -0.260715 -0.853290
-0.414179 -0.239124 -0.878221
-0.375753 -0.216939 -0.900968
-0.336394 -0.194215 -0.921476
-0.296197 -0.171007 -0.939692
-0.255265 -0.147375 -0.955572
-0.213698 -0.123376 -0.969077
-0.171599 -0.099071 -0.980172
-0.129074 -0.074519 -0.988831
-0.086228 -0.049782 -0.995031
-0.043168 -0.024921 -0.998757
-0.047102 -0.016300 0.998757
-0.094090 -0.032562 0.995031
-0.140843 -0.048744 0.988831
-0.187246 -0.064804 0.980173
-0.233184 -0.080703 0.969077
-0.278542 -0.096402 0.955573
-0.323207 -0.111861 0.939693
-0.367069 -0.127042 0.921476
-0.410018 -0.141906 0.900969
-0.451948 -0.156418 0.878222
-0.492754 -0.170542 0.853291
-0.532336 -0.184241 0.826239
-0.570594 -0.197482 0.797132
-0.607433 -0.210232 0.766044
-0.642762 -0.222460 0.733052
-0.676493 -0.234134 0.698237
-0.708542 -0.245226 0.661686
-0.738829 -0.255709 0.623490
-0.767280 -0.265556 0.583744
-0.793823 -0.274743 0.542546
-0.818393 -0.283246 0.500000
-0.840927 -0.291046 0.456211
-0.861372 -0.298121 0.411287
-0.879674 -0.304456 0.365341
-0.895790 -0.310034 0.318487
-0.909679 -0.314841 0.270840
-0.921306 -0.318865 0.222521
-0.930642 -0.322096 0.173648
-0.937665 -0.324527 0.124344
-0.942356 -0.326151 0.074730
-0.944705 -0.326963 0.024931
-0.944705 -0.326963 -0.024931
-0.942356 -0.326150 -0.074730
-0.937665 -0.324527 -0.124344
-0.930642 -0.322096 -0.173648
-0.921306 -0.318865 -0.222521
-0.909679 -0.314840 -0.270841
-0.895790 -0.310034 -0.318487
-0.879674 -0.304456 -0.365341
-0.861372 -0.298121 -0.411287
-0.840927 -0.291046 -0.456211
-0.818393 -0.283246 -0.500000
-0.793823 -0.274743 -0.542546
-0.767280 -0.265556 -0.583744
-0.738830 -0.255709 -0.623490
-0.708542 -0.245226 -0.661686
-0.676493 -0.234134 -0.698236
-0.642762 -0.222460 -0.733051
-0.607433 -0.210232 -0.766044
-0.570594 -0.197482 -0.797132
-0.532337 -0.184241 -0.826238
-0.492756 -0.170542 -0.853290
-0.451949 -0.156419 -0.878221
-0.410020 -0.141907 -0.900968
-0.367070 -0.127042 -0.921476
-0.323209 -0.111861 -0.939692
-0.278543 -0.096403 -0.955572
-0.233185 -0.080704 -0.969077
-0.187248 -0.064805 -0.980172
-0.140845 -0.048745 -0.988831
-0.094091 -0.032563 -0.995031
-0.047104 -0.016301 -0.998757
-0.049336 -0.007091 0.998757
-0.098552 -0.014167 0.995031
-0.147523 -0.021208 0.988831
-0.196127 -0.028197 0.980173
-0.244244 -0.035115 0.969077
-0.291753 -0.041945 0.955573
-0.338537 -0.048672 0.939693
-0.384479 -0.055277 0.921476
-0.429465 -0.061745 0.900969
-0.473384 -0.068060 0.878222
-0.516125 -0.074205 0.853291
-0.557584 -0.080166 0.826239
-0.597656 -0.085928 0.797132
-0.636243 -0.091476 0.766044
-0.673247 -0.096796 0.733052
-0.708578 -0.101876 0.698237
-0.742147 -0.106702 0.661686
-0.773871 -0.111264 0.623490
-0.803671 -0.115548 0.583744
-0.831474 -0.119546 0.542546
-0.857208 -0.123246 0.500000
-0.880812 -0.126640 0.456211
-0.902226 -0.129718 0.411287
-0.921396 -0.132475 0.365341
-0.938277 -0.134902 0.318487
-0.952824 -0.136993 0.270840
-0.965002 -0.138744 0.222521
-0.974782 -0.140150 0.173648
-0.982137 -0.141208 0.124344
-0.987052 -0.141914 0.074730
-0.989512 -0.142268 0.024931
-0.989512 -0.142268 -0.024931
-0.987051 -0.141914 -0.074730
-0.982137 -0.141208 -0.124344
-0.974782 -0.140150 -0.173648
-0.965002 -0.138744 -0.222521
-0.952824 -0.136993 -0.270841
-0.938277 -0.134902 -0.318487
-0.921396 -0.132475 -0.365341
-0.902226 -0.129718 -0.411287
-0.880812 -0.126639 -0.456211
-0.857208 -0.123246 -0.500000
-0.831474 -0.119546 -0.542546
-0.803672 -0.115548 -0.583744
-0.773872 -0.111264 -0.623490
-0.742147 -0.106702 -0.661686
-0.708579 -0.101876 -0.698236
-0.673248 -0.096796 -0.733051
-0.636243 -0.091476 -0.766044
-0.597657 -0.085928 -0.797132
-0.557585 -0.080166 -0.826238
-0.516127 -0.074205 -0.853290
-0.473385 -0.068060 -0.878221
-0.429466 -0.061746 -0.900968
-0.384480 -0.055278 -0.921476
-0.338538 -0.048672 -0.939692
-0.291754 -0.041946 -0.955572
-0.244245 -0.035115 -0.969077
-0.196129 -0.028197 -0.980172
-0.147525 -0.021209 -0.988831
-0.098554 -0.014168 -0.995031
-0.049338 -0.007091 -0.998757
-0.049787 0.002374 0.998757
-0.099453 0.004740 0.995031
-0.148871 0.007094 0.988831
-0.197919 0.009430 0.980173
-0.246476 0.011743 0.969077
-0.294419 0.014027 0.955573
-0.341630 0.016276 0.939693
-0.387993 0.018485 0.921476
-0.433390 0.020647 0.900969
-0.477710 0.022758 0.878222
-0.520842 0.024813 0.853291
-0.562680 0.026806 0.826239
-0.603118 0.028732 0.797132
-0.642058 0.030587 0.766044
-0.679400 0.032366 0.733052
-0.715054 0.034064 0.698237
-0.748930 0.035678 0.661686
-0.780944 0.037203 0.623490
-0.811016 0.038636 0.583744
-0.839072 0.039972 0.542546
-0.865042 0.041209 0.500000
-0.888862 0.042344 0.456211
-0.910471 0.043373 0.411287
-0.929817 0.044295 0.365341
-0.946852 0.045106 0.318487
-0.961532 0.045806 0.270840
-0.973822 0.046391 0.222521
-0.983690 0.046861 0.173648
-0.991113 0.047215 0.124344
-0.996072 0.047451 0.074730
-0.998555 0.047569 0.024931
-0.998555 0.047569 -0.024931
-0.996072 0.047451 -0.074730
-0.991113 0.047215 -0.124344
-0.983690 0.046861 -0.173648
-0.973822 0.046391 -0.222521
-0.961532 0.045806 -0.270841
-0.946852 0.045106 -0.318487
-0.929817 0.044295 -0.365341
-0.910471 0.043373 -0.411287
-0.888862 0.042344 -0.456211
-0.865042 0.041209 -0.500000
-0.839072 0.039972 -0.542546
-0.811016 0.038636 -0.583744
-0.780944 0.037203 -0.623490
-0.748930 0.035678 -0.661686
-0.715054 0.034064 -0.698236
-0.679401 0.032366 -0.733051
-0.642058 0.030587 -0.766044
-0.603119 0.028732 -0.797132
-0.562681 0.026806 -0.826238
-0.520843 0.024813 -0.853290
-0.477711 0.022758 -0.878221
-0.433391 0.020647 -0.900968
-0.387994 0.018485 -0.921476
-0.341632 0.016276 -0.939692
-0.294421 0.014027 -0.955572
-0.246477 0.011743 -0.969077
-0.197921 0.009430 -0.980172
-0.148873 0.007094 -0.988831
-0.099455 0.004740 -0.995031
-0.049789 0.002374 -0.998757
-0.048439 0.011753 0.998757
-0.096759 0.023476 0.995031
-0.144839 0.035140 0.988831
-0.192558 0.046716 0.980173
-0.239799 0.058177 0.969077
-0.286444 0.069493 0.955573
-0.332377 0.080636 0.939693
-0.377483 0.091579 0.921476
-0.421651 0.102294 0.900969
-0.464771 0.112754 0.878222
-0.506734 0.122935 0.853291
-0.547439 0.132810 0.826239
-0.586782 0.142354 0.797132
-0.624666 0.151545 0.766044
-0.660998 0.160358 0.733052
-0.695686 0.168774 0.698237
-0.728644 0.176769 0.661686
-0.759791 0.184326 0.623490
-0.789049 0.191423 0.583744
-0.816345 0.198045 0.542546
-0.841611 0.204175 0.500000
-0.864786 0.209797 0.456211
-0.885810 0.214897 0.411287
-0.904632 0.219463 0.365341
-0.921205 0.223484 0.318487
-0.935487 0.226949 0.270840
-0.947444 0.229850 0.222521
-0.957046 0.232179 0.173648
-0.964267 0.233931 0.124344
-0.969092 0.235101 0.074730
-0.971508 0.235687 0.024931
-0.971508 0.235687 -0.024931
-0.969092 0.235101 -0.074730
-0.964267 0.233931 -0.124344
-0.957046 0.232179 -0.173648
-0.947444 0.229850 -0.222521
-0.935487 0.226949 -0.270841
-0.921205 0.223484 -0.318487
-0.904632 0.219463 -0.365341
-0.885810 0.214897 -0.411287
-0.864785 0.209797 -0.456211
-0.841611 0.204175 -0.500000
-0.816345 0.198045 -0.542546
-0.789049 0.191423 -0.583744
-0.759791 0.184326 -0.623490
-0.728644 0.176769 -0.661686
-0.695686 0.168774 -0.698236
-0.660998 0.160359 -0.733051
-0.624667 0.151545 -0.766044
-0.586783 0.142354 -0.797132
-0.547440 0.132810 -0.826238
-0.506736 0.122935 -0.853290
-0.464772 0.112755 -0.878221
-0.421652 0.102294 -0.900968
-0.377485 0.091579 -0.921476
-0.332378 0.080636 -0.939692
-0.286446 0.069493 -0.955572
-0.239801 0.058177 -0.969077
-0.192560 0.046717 -0.980172
-0.144841 0.035140 -0.988831
-0.096761 0.023476 -0.995031
-0.048441 0.011754 -0.998757
-0.045339 0.020708 0.998757
-0.090568 0.041363 0.995031
-0.135572 0.061916 0.988831
-0.180238 0.082314 0.980173
-0.224456 0.102508 0.969077
-0.268117 0.122447 0.955573
-0.311110 0.142082 0.939693
-0.353331 0.161363 0.921476
-0.394672 0.180243 0.900969
-0.435033 0.198675 0.878222
-0.474312 0.216613 0.853291
-0.512412 0.234013 0.826239
-0.549238 0.250831 0.797132
-0.584698 0.267025 0.766044
-0.618705 0.282555 0.733052
-0.651174 0.297383 0.698237
-0.682023 0.311472 0.661686
-0.711177 0.324786 0.623490
-0.738563 0.337293 0.583744
-0.764113 0.348961 0.542546
-0.787762 0.359761 0.500000
-0.809454 0.369667 0.456211
-0.829133 0.378655 0.411287
-0.846750 0.386700 0.365341
-0.862263 0.393785 0.318487
-0.875632 0.399890 0.270840
-0.886824 0.405001 0.222521
-0.895811 0.409105 0.173648
-0.902570 0.412192 0.124344
-0.907087 0.414255 0.074730
-0.909347 0.415287 0.024931
-0.909347 0.415287 -0.024931
-0.907086 0.414255 -0.074730
-0.902571 0.412192 -0.124344
-0.895811 0.409105 -0.173648
-0.886824 0.405001 -0.222521
-0.875632 0.399890 -0.270841
-0.862263 0.393785 -0.318487
-0.846750 0.386700 -0.365341
-0.829133 0.378655 -0.411287
-0.809454 0.369667 -0.456211
-0.787762 0.359761 -0.500000
-0.764113 0.348961 -0.542546
-0.738563 0.337293 -0.583744
-0.711177 0.324786 -0.623490
-0.682023 0.311472 -0.661686
-0.651174 0.297383 -0.698236
-0.618705 0.282556 -0.733051
-0.584699 0.267025 -0.766044
-0.549238 0.250831 -0.797132
-0.512413 0.234013 -0.826238
-0.474313 0.216614 -0.853290
-0.435034 0.198676 -0.878221
-0.394674 0.180244 -0.900968
-0.353332 0.161364 -0.921476
-0.311112 0.142082 -0.939692
-0.268118 0.122448 -0.955572
-0.224458 0.102509 -0.969077
-0.180240 0.082315 -0.980172
-0.135573 0.061917 -0.988831
-0.090570 0.041364 -0.995031
-0.045341 0.020709 -0.998757
-0.040601 0.028914 0.998757
-0.081104 0.057756 0.995031
-0.121404 0.086454 0.988831
-0.161403 0.114937 0.980173
-0.201001 0.143134 0.969077
-0.240099 0.170976 0.955573
-0.278600 0.198392 0.939693
-0.316408 0.225315 0.921476
-0.353429 0.251678 0.900969
-0.389572 0.277416 0.878222
-0.424747 0.302463 0.853291
-0.458865 0.326759 0.826239
-0.491843 0.350242 0.797132
-0.523598 0.372854 0.766044
-0.554051 0.394540 0.733052
-0.583126 0.415244 0.698237
-0.610752 0.434917 0.661686
-0.636859 0.453508 0.623490
-0.661383 0.470971 0.583744
-0.684263 0.487264 0.542546
-0.705442 0.502345 0.500000
-0.724867 0.516177 0.456211
-0.742489 0.528726 0.411287
-0.758265 0.539961 0.365341
-0.772157 0.549853 0.318487
-0.784129 0.558378 0.270840
-0.794151 0.565515 0.222521
-0.802199 0.571246 0.173648
-0.808252 0.575556 0.124344
-0.812297 0.578436 0.074730
-0.814321 0.579878 0.024931
-0.814321 0.579878 -0.024931
-0.812296 0.578436 -0.074730
-0.808252 0.575556 -0.124344
-0.802199 0.571246 -0.173648
-0.794151 0.565515 -0.222521
-0.784129 0.558378 -0.270841
-0.772157 0.549853 -0.318487
-0.758265 0.539961 -0.365341
-0.742489 0.528726 -0.411287
-0.724866 0.516177 -0.456211
-0.705442 0.502345 -0.500000
-0.684263 0.487264 -0.542546
-0.661383 0.470971 -0.583744
-0.636860 0.453508 -0.623490
-0.610752 0.434917 -0.661686
-0.583127 0.415245 -0.698236
-0.554051 0.394540 -0.733051
-0.523598 0.372855 -0.766044
-0.491843 0.350242 -0.797132
-0.458866 0.326759 -0.826238
-0.424748 0.302464 -0.853290
-0.389573 0.277416 -0.878221
-0.353430 0.251679 -0.900968
-0.316409 0.225316 -0.921476
-0.278601 0.198393 -0.939692
-0.240100 0.170977 -0.955572
-0.201002 0.143135 -0.969077
-0.161405 0.114938 -0.980172
-0.121406 0.086455 -0.988831
-0.081105 0.057757 -0.995031
-0.040603 0.028916 -0.998757
-0.034396 0.036076 0.998757
-0.068708 0.072061 0.995031
-0.102849 0.107868 0.988831
-0.136735 0.143406 0.980173
-0.170281 0.178587 0.969077
-0.203403 0.213325 0.955573
-0.236019 0.247532 0.939693
-0.268049 0.281124 0.921476
-0.299413 0.314017 0.900969
-0.330032 0.346129 0.878222
-0.359830 0.377381 0.853291
-0.388734 0.407695 0.826239
-0.416671 0.436994 0.797132
-0.443573 0.465208 0.766044
-0.469372 0.492265 0.733052
-0.494003 0.518098 0.698237
-0.517407 0.542643 0.661686
-0.539524 0.565839 0.623490
-0.560300 0.587628 0.583744
-0.579683 0.607956 0.542546
-0.597624 0.626773 0.500000
-0.614080 0.644031 0.456211
-0.629010 0.659689 0.411287
-0.642375 0.673706 0.365341
-0.654143 0.686048 0.318487
-0.664285 0.696685 0.270840
-0.672776 0.705589 0.222521
-0.679594 0.712740 0.173648
-0.684722 0.718118 0.124344
-0.688148 0.721711 0.074730
-0.689863 0.723510 0.024931
-0.689863 0.723510 -0.024931
-0.688148 0.721711 -0.074730
-0.684722 0.718118 -0.124344
-0.679594 0.712740 -0.173648
-0.672776 0.705589 -0.222521
-0.664285 0.696685 -0.270841
-0.654143 0.686048 -0.318487
-0.642375 0.673706 -0.365341
-0.629010 0.659689 -0.411287
-0.614080 0.644031 -0.456211
-0.597624 0.626773 -0.500000
-0.579683 0.607956 -0.542546
-0.560300 0.587628 -0.583744
-0.539524 0.565839 -0.623490
-0.517407 0.542643 -0.661686
-0.494004 0.518098 -0.698236
-0.469372 0.492265 -0.733051
-0.443573 0.465208 -0.766044
-0.416672 0.436995 -0.797132
-0.388734 0.407695 -0.826238
-0.359831 0.377382 -0.853290
-0.330032 0.346130 -0.878221
-0.299413 0.314018 -0.900968
-0.268050 0.281125 -0.921476
-0.236020 0.247533 -0.939692
-0.203404 0.213326 -0.955572
-0.170282 0.178589 -0.969077
-0.136736 0.143407 -0.980172
-0.102851 0.107869 -0.988831
-0.068710 0.072063 -0.995031
-0.034398 0.036077 -0.998757
-0.026947 0.041933 0.998757
-0.053829 0.083762 0.995031
-0.080577 0.125383 0.988831
-0.107125 0.166691 0.980173
-0.133406 0.207586 0.969077
-0.159356 0.247964 0.955573
-0.184909 0.287726 0.939693
-0.210003 0.326773 0.921476
-0.234574 0.365007 0.900969
-0.258562 0.402333 0.878222
-0.281908 0.438660 0.853291
-0.304553 0.473895 0.826239
-0.326440 0.507953 0.797132
-0.347516 0.540748 0.766044
-0.367728 0.572198 0.733052
-0.387026 0.602226 0.698237
-0.405361 0.630756 0.661686
-0.422689 0.657719 0.623490
-0.438966 0.683046 0.583744
-0.454151 0.706675 0.542546
-0.468207 0.728547 0.500000
-0.481100 0.748608 0.456211
-0.492796 0.766808 0.411287
-0.503267 0.783101 0.365341
-0.512487 0.797448 0.318487
-0.520433 0.809811 0.270840
-0.527085 0.820162 0.222521
-0.532426 0.828474 0.173648
-0.536444 0.834725 0.124344
-0.539128 0.838902 0.074730
-0.540472 0.840993 0.024931
-0.540472 0.840993 -0.024931
-0.539128 0.838902 -0.074730
-0.536444 0.834725 -0.124344
-0.532426 0.828474 -0.173648
-0.527085 0.820162 -0.222521
-0.520433 0.809812 -0.270841
-0.512487 0.797448 -0.318487
-0.503267 0.783101 -0.365341
-0.492796 0.766808 -0.411287
-0.481100 0.748608 -0.456211
-0.468207 0.728547 -0.500000
-0.454151 0.706675 -0.542546
-0.438966 0.683046 -0.583744
-0.422689 0.657719 -0.623490
-0.405361 0.630757 -0.661686
-0.387026 0.602226 -0.698236
-0.367728 0.572199 -0.733051
-0.347516 0.540748 -0.766044
-0.326441 0.507954 -0.797132
-0.304553 0.473896 -0.826238
-0.281909 0.438661 -0.853290
-0.258563 0.402334 -0.878221
-0.234575 0.365008 -0.900968
-0.210003 0.326774 -0.921476
-0.184910 0.287727 -0.939692
-0.159356 0.247966 -0.955572
-0.133407 0.207587 -0.969077
-0.107126 0.166693 -0.980172
-0.080578 0.125384 -0.988831
-0.053830 0.083764 -0.995031
-0.026949 0.041935 -0.998757
0.000000 0.000002 -1.000000
-0.018525 0.046275 0.998757
-0.037005 0.092436 0.995031
-0.055393 0.138366 0.988831
-0.073643 0.183953 0.980173
-0.091710 0.229082 0.969077
-0.109549 0.273642 0.955573
-0.127115 0.317521 0.939693
-0.144366 0.360611 0.921476
-0.161257 0.402804 0.900969
-0.177748 0.443996 0.878222
-0.193797 0.484084 0.853291
-0.209364 0.522968 0.826239
-0.224411 0.560553 0.797132
-0.238899 0.596744 0.766044
-0.252794 0.631451 0.733052
-0.266060 0.664588 0.698237
-0.278665 0.696073 0.661686
-0.290577 0.725828 0.623490
-0.301766 0.753777 0.583744
-0.312205 0.779854 0.542546
-0.321868 0.803990 0.500000
-0.330731 0.826129 0.456211
-0.338772 0.846213 0.411287
-0.345970 0.864193 0.365341
-0.352308 0.880026 0.318487
-0.357771 0.893670 0.270840
-0.362343 0.905092 0.222521
-0.366015 0.914264 0.173648
-0.368777 0.921163 0.124344
-0.370622 0.925772 0.074730
-0.371546 0.928080 0.024931
-0.371546 0.928080 -0.024931
-0.370622 0.925772 -0.074730
-0.368777 0.921163 -0.124344
-0.366015 0.914264 -0.173648
-0.362343 0.905092 -0.222521
-0.357770 0.893670 -0.270841
-0.352308 0.880026 -0.318487
-0.345970 0.864193 -0.365341
-0.338772 0.846213 -0.411287
-0.330731 0.826129 -0.456211
-0.321868 0.803990 -0.500000
-0.312205 0.779854 -0.542546
-0.301766 0.753778 -0.583744
-0.290577 0.725828 -0.623490
-0.278665 0.696073 -0.661686
-0.266060 0.664589 -0.698236
-0.252794 0.631451 -0.733051
-0.238899 0.596744 -0.766044
-0.224411 0.560554 -0.797132
-0.209364 0.522969 -0.826238
-0.193798 0.484085 -0.853290
-0.177749 0.443997 -0.878221
-0.161258 0.402805 -0.900968
-0.144366 0.360612 -0.921476
-0.127116 0.317522 -0.939692
-0.109549 0.273643 -0.955572
-0.091710 0.229083 -0.969077
-0.073643 0.183954 -0.980172
-0.055393 0.138368 -0.988831
-0.037006 0.092438 -0.995031
-0.018526 0.046278 -0.998757
-0.009433 0.048945 0.998757
-0.018843 0.097769 0.995031
-0.028206 0.146349 0.988831
-0.037499 0.194565 0.980173
-0.046699 0.242298 0.969077
-0.055782 0.289429 0.955573
-0.064727 0.335839 0.939693
-0.073511 0.381415 0.921476
-0.082113 0.426043 0.900969
-0.090510 0.469611 0.878222
-0.098682 0.512012 0.853291
-0.106609 0.553140 0.826239
-0.114270 0.592893 0.797132
-0.121648 0.631172 0.766044
-0.128723 0.667881 0.733052
-0.135478 0.702930 0.698237
-0.141897 0.736232 0.661686
-0.147962 0.767703 0.623490
-0.153660 0.797265 0.583744
-0.158976 0.824846 0.542546
-0.163896 0.850375 0.500000
-0.168409 0.873791 0.456211
-0.172503 0.895034 0.411287
-0.176169 0.914052 0.365341
-0.179396 0.930797 0.318487
-0.182177 0.945229 0.270840
-0.184506 0.957310 0.222521
-0.186376 0.967011 0.173648
-0.187782 0.974308 0.124344
-0.188722 0.979183 0.074730
-0.189192 0.981624 0.024931
-0.189192 0.981624 -0.024931
-0.188722 0.979183 -0.074730
-0.187782 0.974308 -0.124344
-0.186376 0.967011 -0.173648
-0.184506 0.957310 -0.222521
-0.182177 0.945229 -0.270841
-0.179396 0.930797 -0.318487
-0.176169 0.914052 -0.365341
-0.172503 0.895034 -0.411287
-0.168409 0.873791 -0.456211
-0.163896 0.850375 -0.500000
-0.158976 0.824846 -0.542546
-0.153660 0.797266 -0.583744
-0.147962 0.767703 -0.623490
-0.141897 0.736232 -0.661686
-0.135478 0.702931 -0.698236
-0.128723 0.667882 -0.733051
-0.121648 0.631172 -0.766044
-0.114270 0.592894 -0.797132
-0.106609 0.553141 -0.826238
-0.098682 0.512013 -0.853290
-0.090510 0.469613 -0.878221
-0.082113 0.426044 -0.900968
-0.073512 0.381417 -0.921476
-0.064728 0.335841 -0.939692
-0.055783 0.289430 -0.955572
-0.046699 0.242300 -0.969077
-0.037499 0.194567 -0.980172
-0.028206 0.146351 -0.988831
-0.018843 0.097771 -0.995031
-0.009433 0.048947 -0.998757
-0.000000 0.049846 0.998757
-0.000000 0.099568 0.995031
-0.000000 0.149042 0.988831
-0.000000 0.198146 0.980173
-0.000000 0.246757 0.969077
-0.000000 0.294755 0.955573
-0.000000 0.342020 0.939693
0.000000 0.388435 0.921476
-0.000000 0.478254 0.878222
-0.000000 0.521435 0.853291
-0.000000 0.603805 0.797132
-0.000000 0.642788 0.766044
-0.000000 0.680173 0.733052
-0.000000 0.715867 0.698237
0.000000 0.749781 0.661686
-0.000000 0.811938 0.583744
-0.000000 0.889872 0.456211
0.000000 0.930874 0.365341
-0.000000 0.947928 0.318487
-0.000000 0.962624 0.270840
-0.000000 0.974928 0.222521
-0.000000 0.984808 0.173648
-0.000000 0.997204 0.074730
-0.000000 0.999690 0.024931
-0.000000 0.999690 -0.024931
0.000000 0.997204 -0.074730
-0.000000 0.992239 -0.124344
-0.000000 0.984808 -0.173648
-0.000000 0.974928 -0.222521
-0.000000 0.889872 -0.456211
-0.000000 0.781832 -0.623490
-0.000000 0.749781 -0.661686
-0.000000 0.715868 -0.698236
-0.000000 0.642788 -0.766044
-0.000000 0.563321 -0.826238
-0.000000 0.521436 -0.853290
-0.000000 0.478255 -0.878221
-0.000000 0.342022 -0.939692
-0.000000 0.294757 -0.955572
-0.000000 0.246759 -0.969077
-0.000000 0.198148 -0.980172
-0.000000 0.149044 -0.988831
-0.000000 0.099570 -0.995031
-0.000000 0.049848 -0.998757
